test=42.12482 test
yeah=42.12483 there will be 3000 of files
blablabla=42.12484 blablabla
