test=42.10922 test
yeah=42.10923 there will be 3000 of files
blablabla=42.10924 blablabla
