test=42.10418 test
yeah=42.10419 there will be 3000 of files
blablabla=42.10420 blablabla
