test=42.10505 test
yeah=42.10506 there will be 3000 of files
blablabla=42.10507 blablabla
