test=42.12767 test
yeah=42.12768 there will be 3000 of files
blablabla=42.12769 blablabla
