test=42.10601 test
yeah=42.10602 there will be 3000 of files
blablabla=42.10603 blablabla
