test=42.13607 test
yeah=42.13608 there will be 3000 of files
blablabla=42.13609 blablabla
