test=42.11153 test
yeah=42.11154 there will be 3000 of files
blablabla=42.11155 blablabla
