test=42.12176 test
yeah=42.12177 there will be 3000 of files
blablabla=42.12178 blablabla
