test=42.11642 test
yeah=42.11643 there will be 3000 of files
blablabla=42.11644 blablabla
