test=42.14063 test
yeah=42.14064 there will be 3000 of files
blablabla=42.14065 blablabla
