test=42.11543 test
yeah=42.11544 there will be 3000 of files
blablabla=42.11545 blablabla
