test=42.10529 test
yeah=42.10530 there will be 3000 of files
blablabla=42.10531 blablabla
