test=42.11954 test
yeah=42.11955 there will be 3000 of files
blablabla=42.11956 blablabla
