test=42.11711 test
yeah=42.11712 there will be 3000 of files
blablabla=42.11713 blablabla
