test=42.12380 test
yeah=42.12381 there will be 3000 of files
blablabla=42.12382 blablabla
