test=42.12590 test
yeah=42.12591 there will be 3000 of files
blablabla=42.12592 blablabla
