test=42.10187 test
yeah=42.10188 there will be 3000 of files
blablabla=42.10189 blablabla
