test=42.11027 test
yeah=42.11028 there will be 3000 of files
blablabla=42.11029 blablabla
