test=42.12929 test
yeah=42.12930 there will be 3000 of files
blablabla=42.12931 blablabla
