test=42.10388 test
yeah=42.10389 there will be 3000 of files
blablabla=42.10390 blablabla
