test=42.11087 test
yeah=42.11088 there will be 3000 of files
blablabla=42.11089 blablabla
