test=42.13244 test
yeah=42.13245 there will be 3000 of files
blablabla=42.13246 blablabla
