test=42.11255 test
yeah=42.11256 there will be 3000 of files
blablabla=42.11257 blablabla
