test=42.13733 test
yeah=42.13734 there will be 3000 of files
blablabla=42.13735 blablabla
