test=42.13640 test
yeah=42.13641 there will be 3000 of files
blablabla=42.13642 blablabla
