test=42.12332 test
yeah=42.12333 there will be 3000 of files
blablabla=42.12334 blablabla
