test=42.11000 test
yeah=42.11001 there will be 3000 of files
blablabla=42.11002 blablabla
