test=42.11057 test
yeah=42.11058 there will be 3000 of files
blablabla=42.11059 blablabla
