test=42.10400 test
yeah=42.10401 there will be 3000 of files
blablabla=42.10402 blablabla
