test=42.11333 test
yeah=42.11334 there will be 3000 of files
blablabla=42.11335 blablabla
