test=42.12635 test
yeah=42.12636 there will be 3000 of files
blablabla=42.12637 blablabla
