test=42.11237 test
yeah=42.11238 there will be 3000 of files
blablabla=42.11239 blablabla
