test=42.13280 test
yeah=42.13281 there will be 3000 of files
blablabla=42.13282 blablabla
