test=42.12353 test
yeah=42.12354 there will be 3000 of files
blablabla=42.12355 blablabla
