test=42.10190 test
yeah=42.10191 there will be 3000 of files
blablabla=42.10192 blablabla
