test=42.14090 test
yeah=42.14091 there will be 3000 of files
blablabla=42.14092 blablabla
