test=42.10463 test
yeah=42.10464 there will be 3000 of files
blablabla=42.10465 blablabla
