test=42.13718 test
yeah=42.13719 there will be 3000 of files
blablabla=42.13720 blablabla
