test=42.12626 test
yeah=42.12627 there will be 3000 of files
blablabla=42.12628 blablabla
