test=42.14087 test
yeah=42.14088 there will be 3000 of files
blablabla=42.14089 blablabla
