test=42.10847 test
yeah=42.10848 there will be 3000 of files
blablabla=42.10849 blablabla
