test=42.12056 test
yeah=42.12057 there will be 3000 of files
blablabla=42.12058 blablabla
