test=42.13217 test
yeah=42.13218 there will be 3000 of files
blablabla=42.13219 blablabla
