test=42.13784 test
yeah=42.13785 there will be 3000 of files
blablabla=42.13786 blablabla
