test=42.12308 test
yeah=42.12309 there will be 3000 of files
blablabla=42.12310 blablabla
