test=42.11411 test
yeah=42.11412 there will be 3000 of files
blablabla=42.11413 blablabla
