test=42.12830 test
yeah=42.12831 there will be 3000 of files
blablabla=42.12832 blablabla
