test=42.13151 test
yeah=42.13152 there will be 3000 of files
blablabla=42.13153 blablabla
