test=42.11138 test
yeah=42.11139 there will be 3000 of files
blablabla=42.11140 blablabla
