test=42.13949 test
yeah=42.13950 there will be 3000 of files
blablabla=42.13951 blablabla
