test=42.12875 test
yeah=42.12876 there will be 3000 of files
blablabla=42.12877 blablabla
