test=42.14153 test
yeah=42.14154 there will be 3000 of files
blablabla=42.14155 blablabla
