test=42.12269 test
yeah=42.12270 there will be 3000 of files
blablabla=42.12271 blablabla
