test=42.12416 test
yeah=42.12417 there will be 3000 of files
blablabla=42.12418 blablabla
