test=42.11735 test
yeah=42.11736 there will be 3000 of files
blablabla=42.11737 blablabla
