test=42.11369 test
yeah=42.11370 there will be 3000 of files
blablabla=42.11371 blablabla
