test=42.11447 test
yeah=42.11448 there will be 3000 of files
blablabla=42.11449 blablabla
