test=42.10103 test
yeah=42.10104 there will be 3000 of files
blablabla=42.10105 blablabla
