test=42.14636 test
yeah=42.14637 there will be 3000 of files
blablabla=42.14638 blablabla
