test=42.10742 test
yeah=42.10743 there will be 3000 of files
blablabla=42.10744 blablabla
