test=42.12794 test
yeah=42.12795 there will be 3000 of files
blablabla=42.12796 blablabla
