test=42.12425 test
yeah=42.12426 there will be 3000 of files
blablabla=42.12427 blablabla
