test=42.14603 test
yeah=42.14604 there will be 3000 of files
blablabla=42.14605 blablabla
