test=42.10763 test
yeah=42.10764 there will be 3000 of files
blablabla=42.10765 blablabla
