test=42.10598 test
yeah=42.10599 there will be 3000 of files
blablabla=42.10600 blablabla
