test=42.12719 test
yeah=42.12720 there will be 3000 of files
blablabla=42.12721 blablabla
