test=42.14021 test
yeah=42.14022 there will be 3000 of files
blablabla=42.14023 blablabla
