test=42.11765 test
yeah=42.11766 there will be 3000 of files
blablabla=42.11767 blablabla
