test=42.13331 test
yeah=42.13332 there will be 3000 of files
blablabla=42.13333 blablabla
