test=42.12959 test
yeah=42.12960 there will be 3000 of files
blablabla=42.12961 blablabla
