test=42.11222 test
yeah=42.11223 there will be 3000 of files
blablabla=42.11224 blablabla
