test=42.13988 test
yeah=42.13989 there will be 3000 of files
blablabla=42.13990 blablabla
