test=42.13238 test
yeah=42.13239 there will be 3000 of files
blablabla=42.13240 blablabla
