test=42.11537 test
yeah=42.11538 there will be 3000 of files
blablabla=42.11539 blablabla
