test=42.11021 test
yeah=42.11022 there will be 3000 of files
blablabla=42.11023 blablabla
