test=42.13877 test
yeah=42.13878 there will be 3000 of files
blablabla=42.13879 blablabla
