test=42.12317 test
yeah=42.12318 there will be 3000 of files
blablabla=42.12319 blablabla
