test=42.10655 test
yeah=42.10656 there will be 3000 of files
blablabla=42.10657 blablabla
