test=42.14474 test
yeah=42.14475 there will be 3000 of files
blablabla=42.14476 blablabla
