test=42.11600 test
yeah=42.11601 there will be 3000 of files
blablabla=42.11602 blablabla
