test=42.10100 test
yeah=42.10101 there will be 3000 of files
blablabla=42.10102 blablabla
