test=42.14552 test
yeah=42.14553 there will be 3000 of files
blablabla=42.14554 blablabla
