test=42.10232 test
yeah=42.10233 there will be 3000 of files
blablabla=42.10234 blablabla
