test=42.10799 test
yeah=42.10800 there will be 3000 of files
blablabla=42.10801 blablabla
