test=42.12749 test
yeah=42.12750 there will be 3000 of files
blablabla=42.12751 blablabla
