test=42.14027 test
yeah=42.14028 there will be 3000 of files
blablabla=42.14029 blablabla
