test=42.14018 test
yeah=42.14019 there will be 3000 of files
blablabla=42.14020 blablabla
