test=42.12647 test
yeah=42.12648 there will be 3000 of files
blablabla=42.12649 blablabla
