test=42.10682 test
yeah=42.10683 there will be 3000 of files
blablabla=42.10684 blablabla
