test=42.14042 test
yeah=42.14043 there will be 3000 of files
blablabla=42.14044 blablabla
