test=42.12302 test
yeah=42.12303 there will be 3000 of files
blablabla=42.12304 blablabla
