test=42.13400 test
yeah=42.13401 there will be 3000 of files
blablabla=42.13402 blablabla
