test=42.13148 test
yeah=42.13149 there will be 3000 of files
blablabla=42.13150 blablabla
