test=42.13202 test
yeah=42.13203 there will be 3000 of files
blablabla=42.13204 blablabla
