test=42.10580 test
yeah=42.10581 there will be 3000 of files
blablabla=42.10582 blablabla
