test=42.12839 test
yeah=42.12840 there will be 3000 of files
blablabla=42.12841 blablabla
