test=42.13817 test
yeah=42.13818 there will be 3000 of files
blablabla=42.13819 blablabla
