test=42.12527 test
yeah=42.12528 there will be 3000 of files
blablabla=42.12529 blablabla
