test=42.14114 test
yeah=42.14115 there will be 3000 of files
blablabla=42.14116 blablabla
