test=42.12806 test
yeah=42.12807 there will be 3000 of files
blablabla=42.12808 blablabla
