test=42.10448 test
yeah=42.10449 there will be 3000 of files
blablabla=42.10450 blablabla
