test=42.12008 test
yeah=42.12009 there will be 3000 of files
blablabla=42.12010 blablabla
