test=42.14555 test
yeah=42.14556 there will be 3000 of files
blablabla=42.14557 blablabla
