test=42.14057 test
yeah=42.14058 there will be 3000 of files
blablabla=42.14059 blablabla
