test=42.10370 test
yeah=42.10371 there will be 3000 of files
blablabla=42.10372 blablabla
