test=42.11585 test
yeah=42.11586 there will be 3000 of files
blablabla=42.11587 blablabla
