test=42.14516 test
yeah=42.14517 there will be 3000 of files
blablabla=42.14518 blablabla
