test=42.11330 test
yeah=42.11331 there will be 3000 of files
blablabla=42.11332 blablabla
