test=42.13004 test
yeah=42.13005 there will be 3000 of files
blablabla=42.13006 blablabla
