test=42.14354 test
yeah=42.14355 there will be 3000 of files
blablabla=42.14356 blablabla
