test=42.12605 test
yeah=42.12606 there will be 3000 of files
blablabla=42.12607 blablabla
