test=42.13190 test
yeah=42.13191 there will be 3000 of files
blablabla=42.13192 blablabla
