test=42.13961 test
yeah=42.13962 there will be 3000 of files
blablabla=42.13963 blablabla
