test=42.13061 test
yeah=42.13062 there will be 3000 of files
blablabla=42.13063 blablabla
