test=42.11147 test
yeah=42.11148 there will be 3000 of files
blablabla=42.11149 blablabla
