test=42.13598 test
yeah=42.13599 there will be 3000 of files
blablabla=42.13600 blablabla
