test=42.13688 test
yeah=42.13689 there will be 3000 of files
blablabla=42.13690 blablabla
