test=42.10088 test
yeah=42.10089 there will be 3000 of files
blablabla=42.10090 blablabla
