test=42.12101 test
yeah=42.12102 there will be 3000 of files
blablabla=42.12103 blablabla
