test=42.11804 test
yeah=42.11805 there will be 3000 of files
blablabla=42.11806 blablabla
