test=42.11234 test
yeah=42.11235 there will be 3000 of files
blablabla=42.11236 blablabla
