test=42.13520 test
yeah=42.13521 there will be 3000 of files
blablabla=42.13522 blablabla
