test=42.11552 test
yeah=42.11553 there will be 3000 of files
blablabla=42.11554 blablabla
