test=42.11549 test
yeah=42.11550 there will be 3000 of files
blablabla=42.11551 blablabla
