test=42.12068 test
yeah=42.12069 there will be 3000 of files
blablabla=42.12070 blablabla
