test=42.13403 test
yeah=42.13404 there will be 3000 of files
blablabla=42.13405 blablabla
