test=42.12311 test
yeah=42.12312 there will be 3000 of files
blablabla=42.12313 blablabla
