test=42.12896 test
yeah=42.12897 there will be 3000 of files
blablabla=42.12898 blablabla
