test=42.14537 test
yeah=42.14538 there will be 3000 of files
blablabla=42.14539 blablabla
