test=42.10961 test
yeah=42.10962 there will be 3000 of files
blablabla=42.10963 blablabla
