test=42.14231 test
yeah=42.14232 there will be 3000 of files
blablabla=42.14233 blablabla
