test=42.13355 test
yeah=42.13356 there will be 3000 of files
blablabla=42.13357 blablabla
