test=42.11942 test
yeah=42.11943 there will be 3000 of files
blablabla=42.11944 blablabla
