test=42.11555 test
yeah=42.11556 there will be 3000 of files
blablabla=42.11557 blablabla
