test=42.11972 test
yeah=42.11973 there will be 3000 of files
blablabla=42.11974 blablabla
