test=42.14105 test
yeah=42.14106 there will be 3000 of files
blablabla=42.14107 blablabla
