test=42.13337 test
yeah=42.13338 there will be 3000 of files
blablabla=42.13339 blablabla
