test=42.10868 test
yeah=42.10869 there will be 3000 of files
blablabla=42.10870 blablabla
