test=42.10412 test
yeah=42.10413 there will be 3000 of files
blablabla=42.10414 blablabla
