test=42.10949 test
yeah=42.10950 there will be 3000 of files
blablabla=42.10951 blablabla
