test=42.13577 test
yeah=42.13578 there will be 3000 of files
blablabla=42.13579 blablabla
