test=42.12824 test
yeah=42.12825 there will be 3000 of files
blablabla=42.12826 blablabla
