test=42.12428 test
yeah=42.12429 there will be 3000 of files
blablabla=42.12430 blablabla
