test=42.14612 test
yeah=42.14613 there will be 3000 of files
blablabla=42.14614 blablabla
