test=42.13358 test
yeah=42.13359 there will be 3000 of files
blablabla=42.13360 blablabla
