test=42.12746 test
yeah=42.12747 there will be 3000 of files
blablabla=42.12748 blablabla
