test=42.14594 test
yeah=42.14595 there will be 3000 of files
blablabla=42.14596 blablabla
