test=42.12530 test
yeah=42.12531 there will be 3000 of files
blablabla=42.12532 blablabla
