test=42.10478 test
yeah=42.10479 there will be 3000 of files
blablabla=42.10480 blablabla
