test=42.14276 test
yeah=42.14277 there will be 3000 of files
blablabla=42.14278 blablabla
