test=42.10049 test
yeah=42.10050 there will be 3000 of files
blablabla=42.10051 blablabla
