test=42.14279 test
yeah=42.14280 there will be 3000 of files
blablabla=42.14281 blablabla
