test=42.10649 test
yeah=42.10650 there will be 3000 of files
blablabla=42.10651 blablabla
