test=42.14327 test
yeah=42.14328 there will be 3000 of files
blablabla=42.14329 blablabla
