test=42.13727 test
yeah=42.13728 there will be 3000 of files
blablabla=42.13729 blablabla
