test=42.14186 test
yeah=42.14187 there will be 3000 of files
blablabla=42.14188 blablabla
