test=42.14318 test
yeah=42.14319 there will be 3000 of files
blablabla=42.14320 blablabla
