test=42.12059 test
yeah=42.12060 there will be 3000 of files
blablabla=42.12061 blablabla
