test=42.11582 test
yeah=42.11583 there will be 3000 of files
blablabla=42.11584 blablabla
