test=42.14249 test
yeah=42.14250 there will be 3000 of files
blablabla=42.14251 blablabla
