test=42.11300 test
yeah=42.11301 there will be 3000 of files
blablabla=42.11302 blablabla
