test=42.13034 test
yeah=42.13035 there will be 3000 of files
blablabla=42.13036 blablabla
