test=42.12122 test
yeah=42.12123 there will be 3000 of files
blablabla=42.12124 blablabla
