test=42.14321 test
yeah=42.14322 there will be 3000 of files
blablabla=42.14323 blablabla
