test=42.12962 test
yeah=42.12963 there will be 3000 of files
blablabla=42.12964 blablabla
