test=42.11135 test
yeah=42.11136 there will be 3000 of files
blablabla=42.11137 blablabla
