test=42.12053 test
yeah=42.12054 there will be 3000 of files
blablabla=42.12055 blablabla
