test=42.13391 test
yeah=42.13392 there will be 3000 of files
blablabla=42.13393 blablabla
