test=42.14549 test
yeah=42.14550 there will be 3000 of files
blablabla=42.14551 blablabla
