test=42.10046 test
yeah=42.10047 there will be 3000 of files
blablabla=42.10048 blablabla
