test=42.14219 test
yeah=42.14220 there will be 3000 of files
blablabla=42.14221 blablabla
