test=42.12431 test
yeah=42.12432 there will be 3000 of files
blablabla=42.12433 blablabla
