test=42.12716 test
yeah=42.12717 there will be 3000 of files
blablabla=42.12718 blablabla
