test=42.12257 test
yeah=42.12258 there will be 3000 of files
blablabla=42.12259 blablabla
