test=42.13466 test
yeah=42.13467 there will be 3000 of files
blablabla=42.13468 blablabla
