test=42.10256 test
yeah=42.10257 there will be 3000 of files
blablabla=42.10258 blablabla
