test=42.10562 test
yeah=42.10563 there will be 3000 of files
blablabla=42.10564 blablabla
