test=42.13142 test
yeah=42.13143 there will be 3000 of files
blablabla=42.13144 blablabla
