test=42.13799 test
yeah=42.13800 there will be 3000 of files
blablabla=42.13801 blablabla
