test=42.11327 test
yeah=42.11328 there will be 3000 of files
blablabla=42.11329 blablabla
