test=42.12326 test
yeah=42.12327 there will be 3000 of files
blablabla=42.12328 blablabla
