test=42.12077 test
yeah=42.12078 there will be 3000 of files
blablabla=42.12079 blablabla
