test=42.13958 test
yeah=42.13959 there will be 3000 of files
blablabla=42.13960 blablabla
