test=42.12944 test
yeah=42.12945 there will be 3000 of files
blablabla=42.12946 blablabla
