test=42.13871 test
yeah=42.13872 there will be 3000 of files
blablabla=42.13873 blablabla
