test=42.13277 test
yeah=42.13278 there will be 3000 of files
blablabla=42.13279 blablabla
