test=42.11360 test
yeah=42.11361 there will be 3000 of files
blablabla=42.11362 blablabla
