test=42.14264 test
yeah=42.14265 there will be 3000 of files
blablabla=42.14266 blablabla
