test=42.11996 test
yeah=42.11997 there will be 3000 of files
blablabla=42.11998 blablabla
