test=42.14102 test
yeah=42.14103 there will be 3000 of files
blablabla=42.14104 blablabla
