test=42.10712 test
yeah=42.10713 there will be 3000 of files
blablabla=42.10714 blablabla
