test=42.12761 test
yeah=42.12762 there will be 3000 of files
blablabla=42.12763 blablabla
