test=42.13913 test
yeah=42.13914 there will be 3000 of files
blablabla=42.13915 blablabla
