test=42.11318 test
yeah=42.11319 there will be 3000 of files
blablabla=42.11320 blablabla
