test=42.11801 test
yeah=42.11802 there will be 3000 of files
blablabla=42.11803 blablabla
