test=42.10298 test
yeah=42.10299 there will be 3000 of files
blablabla=42.10300 blablabla
