test=42.12845 test
yeah=42.12846 there will be 3000 of files
blablabla=42.12847 blablabla
