test=42.14210 test
yeah=42.14211 there will be 3000 of files
blablabla=42.14212 blablabla
