test=42.11747 test
yeah=42.11748 there will be 3000 of files
blablabla=42.11749 blablabla
