test=42.13550 test
yeah=42.13551 there will be 3000 of files
blablabla=42.13552 blablabla
