test=42.14291 test
yeah=42.14292 there will be 3000 of files
blablabla=42.14293 blablabla
