test=42.13568 test
yeah=42.13569 there will be 3000 of files
blablabla=42.13570 blablabla
