test=42.12776 test
yeah=42.12777 there will be 3000 of files
blablabla=42.12778 blablabla
