test=42.12476 test
yeah=42.12477 there will be 3000 of files
blablabla=42.12478 blablabla
