test=42.11276 test
yeah=42.11277 there will be 3000 of files
blablabla=42.11278 blablabla
