test=42.12809 test
yeah=42.12810 there will be 3000 of files
blablabla=42.12811 blablabla
