test=42.12905 test
yeah=42.12906 there will be 3000 of files
blablabla=42.12907 blablabla
