test=42.11999 test
yeah=42.12000 there will be 3000 of files
blablabla=42.12001 blablabla
