test=42.10730 test
yeah=42.10731 there will be 3000 of files
blablabla=42.10732 blablabla
