test=42.14348 test
yeah=42.14349 there will be 3000 of files
blablabla=42.14350 blablabla
