test=42.11810 test
yeah=42.11811 there will be 3000 of files
blablabla=42.11812 blablabla
