test=42.12038 test
yeah=42.12039 there will be 3000 of files
blablabla=42.12040 blablabla
