test=42.11396 test
yeah=42.11397 there will be 3000 of files
blablabla=42.11398 blablabla
