test=42.11213 test
yeah=42.11214 there will be 3000 of files
blablabla=42.11215 blablabla
