test=42.12491 test
yeah=42.12492 there will be 3000 of files
blablabla=42.12493 blablabla
