test=42.10265 test
yeah=42.10266 there will be 3000 of files
blablabla=42.10267 blablabla
