test=42.10172 test
yeah=42.10173 there will be 3000 of files
blablabla=42.10174 blablabla
