test=42.13580 test
yeah=42.13581 there will be 3000 of files
blablabla=42.13582 blablabla
