test=42.12710 test
yeah=42.12711 there will be 3000 of files
blablabla=42.12712 blablabla
