test=42.10436 test
yeah=42.10437 there will be 3000 of files
blablabla=42.10438 blablabla
