test=42.10574 test
yeah=42.10575 there will be 3000 of files
blablabla=42.10576 blablabla
