test=42.14156 test
yeah=42.14157 there will be 3000 of files
blablabla=42.14158 blablabla
