test=42.11291 test
yeah=42.11292 there will be 3000 of files
blablabla=42.11293 blablabla
