test=42.14009 test
yeah=42.14010 there will be 3000 of files
blablabla=42.14011 blablabla
