test=42.10376 test
yeah=42.10377 there will be 3000 of files
blablabla=42.10378 blablabla
