test=42.12119 test
yeah=42.12120 there will be 3000 of files
blablabla=42.12121 blablabla
