test=42.13040 test
yeah=42.13041 there will be 3000 of files
blablabla=42.13042 blablabla
