test=42.12992 test
yeah=42.12993 there will be 3000 of files
blablabla=42.12994 blablabla
