test=42.14465 test
yeah=42.14466 there will be 3000 of files
blablabla=42.14467 blablabla
