test=42.10355 test
yeah=42.10356 there will be 3000 of files
blablabla=42.10357 blablabla
