test=42.13763 test
yeah=42.13764 there will be 3000 of files
blablabla=42.13765 blablabla
