test=42.12272 test
yeah=42.12273 there will be 3000 of files
blablabla=42.12274 blablabla
