test=42.13835 test
yeah=42.13836 there will be 3000 of files
blablabla=42.13837 blablabla
