test=42.11498 test
yeah=42.11499 there will be 3000 of files
blablabla=42.11500 blablabla
