test=42.10814 test
yeah=42.10815 there will be 3000 of files
blablabla=42.10816 blablabla
