test=42.11663 test
yeah=42.11664 there will be 3000 of files
blablabla=42.11665 blablabla
