test=42.12374 test
yeah=42.12375 there will be 3000 of files
blablabla=42.12376 blablabla
