test=42.10247 test
yeah=42.10248 there will be 3000 of files
blablabla=42.10249 blablabla
