test=42.12524 test
yeah=42.12525 there will be 3000 of files
blablabla=42.12526 blablabla
