test=42.13628 test
yeah=42.13629 there will be 3000 of files
blablabla=42.13630 blablabla
