test=42.13937 test
yeah=42.13938 there will be 3000 of files
blablabla=42.13939 blablabla
