test=42.11471 test
yeah=42.11472 there will be 3000 of files
blablabla=42.11473 blablabla
