test=42.10043 test
yeah=42.10044 there will be 3000 of files
blablabla=42.10045 blablabla
