test=42.11714 test
yeah=42.11715 there will be 3000 of files
blablabla=42.11716 blablabla
