test=42.10622 test
yeah=42.10623 there will be 3000 of files
blablabla=42.10624 blablabla
