test=42.14111 test
yeah=42.14112 there will be 3000 of files
blablabla=42.14113 blablabla
