test=42.12011 test
yeah=42.12012 there will be 3000 of files
blablabla=42.12013 blablabla
