test=42.10964 test
yeah=42.10965 there will be 3000 of files
blablabla=42.10966 blablabla
