test=42.10064 test
yeah=42.10065 there will be 3000 of files
blablabla=42.10066 blablabla
