test=42.11228 test
yeah=42.11229 there will be 3000 of files
blablabla=42.11230 blablabla
