test=42.13145 test
yeah=42.13146 there will be 3000 of files
blablabla=42.13147 blablabla
