test=42.10982 test
yeah=42.10983 there will be 3000 of files
blablabla=42.10984 blablabla
