test=42.10751 test
yeah=42.10752 there will be 3000 of files
blablabla=42.10753 blablabla
