test=42.13613 test
yeah=42.13614 there will be 3000 of files
blablabla=42.13615 blablabla
