test=42.10724 test
yeah=42.10725 there will be 3000 of files
blablabla=42.10726 blablabla
