test=42.13406 test
yeah=42.13407 there will be 3000 of files
blablabla=42.13408 blablabla
