test=42.10538 test
yeah=42.10539 there will be 3000 of files
blablabla=42.10540 blablabla
