test=42.10457 test
yeah=42.10458 there will be 3000 of files
blablabla=42.10459 blablabla
