test=42.14144 test
yeah=42.14145 there will be 3000 of files
blablabla=42.14146 blablabla
