test=42.10910 test
yeah=42.10911 there will be 3000 of files
blablabla=42.10912 blablabla
