test=42.13376 test
yeah=42.13377 there will be 3000 of files
blablabla=42.13378 blablabla
