test=42.12062 test
yeah=42.12063 there will be 3000 of files
blablabla=42.12064 blablabla
