test=42.12158 test
yeah=42.12159 there will be 3000 of files
blablabla=42.12160 blablabla
