test=42.10784 test
yeah=42.10785 there will be 3000 of files
blablabla=42.10786 blablabla
