test=42.10979 test
yeah=42.10980 there will be 3000 of files
blablabla=42.10981 blablabla
