test=42.14075 test
yeah=42.14076 there will be 3000 of files
blablabla=42.14077 blablabla
