test=42.14507 test
yeah=42.14508 there will be 3000 of files
blablabla=42.14509 blablabla
