test=42.10085 test
yeah=42.10086 there will be 3000 of files
blablabla=42.10087 blablabla
