test=42.14387 test
yeah=42.14388 there will be 3000 of files
blablabla=42.14389 blablabla
