test=42.14225 test
yeah=42.14226 there will be 3000 of files
blablabla=42.14227 blablabla
