test=42.14495 test
yeah=42.14496 there will be 3000 of files
blablabla=42.14497 blablabla
