test=42.11870 test
yeah=42.11871 there will be 3000 of files
blablabla=42.11872 blablabla
