test=42.10703 test
yeah=42.10704 there will be 3000 of files
blablabla=42.10705 blablabla
