test=42.10058 test
yeah=42.10059 there will be 3000 of files
blablabla=42.10060 blablabla
