test=42.11750 test
yeah=42.11751 there will be 3000 of files
blablabla=42.11752 blablabla
