test=42.12560 test
yeah=42.12561 there will be 3000 of files
blablabla=42.12562 blablabla
