test=42.12041 test
yeah=42.12042 there will be 3000 of files
blablabla=42.12043 blablabla
