test=42.10805 test
yeah=42.10806 there will be 3000 of files
blablabla=42.10807 blablabla
