test=42.13766 test
yeah=42.13767 there will be 3000 of files
blablabla=42.13768 blablabla
