test=42.13847 test
yeah=42.13848 there will be 3000 of files
blablabla=42.13849 blablabla
