test=42.10349 test
yeah=42.10350 there will be 3000 of files
blablabla=42.10351 blablabla
