test=42.13076 test
yeah=42.13077 there will be 3000 of files
blablabla=42.13078 blablabla
