test=42.13127 test
yeah=42.13128 there will be 3000 of files
blablabla=42.13129 blablabla
