test=42.11345 test
yeah=42.11346 there will be 3000 of files
blablabla=42.11347 blablabla
