test=42.11858 test
yeah=42.11859 there will be 3000 of files
blablabla=42.11860 blablabla
