test=42.11657 test
yeah=42.11658 there will be 3000 of files
blablabla=42.11659 blablabla
