test=42.13385 test
yeah=42.13386 there will be 3000 of files
blablabla=42.13387 blablabla
