test=42.13109 test
yeah=42.13110 there will be 3000 of files
blablabla=42.13111 blablabla
