test=42.12002 test
yeah=42.12003 there will be 3000 of files
blablabla=42.12004 blablabla
