test=42.11492 test
yeah=42.11493 there will be 3000 of files
blablabla=42.11494 blablabla
