test=42.11381 test
yeah=42.11382 there will be 3000 of files
blablabla=42.11383 blablabla
