test=42.14468 test
yeah=42.14469 there will be 3000 of files
blablabla=42.14470 blablabla
