test=42.12398 test
yeah=42.12399 there will be 3000 of files
blablabla=42.12400 blablabla
