test=42.11507 test
yeah=42.11508 there will be 3000 of files
blablabla=42.11509 blablabla
