test=42.12035 test
yeah=42.12036 there will be 3000 of files
blablabla=42.12037 blablabla
