test=42.14012 test
yeah=42.14013 there will be 3000 of files
blablabla=42.14014 blablabla
