test=42.11828 test
yeah=42.11829 there will be 3000 of files
blablabla=42.11830 blablabla
