test=42.13163 test
yeah=42.13164 there will be 3000 of files
blablabla=42.13165 blablabla
