test=42.11465 test
yeah=42.11466 there will be 3000 of files
blablabla=42.11467 blablabla
