test=42.12479 test
yeah=42.12480 there will be 3000 of files
blablabla=42.12481 blablabla
