test=42.13025 test
yeah=42.13026 there will be 3000 of files
blablabla=42.13027 blablabla
