test=42.14285 test
yeah=42.14286 there will be 3000 of files
blablabla=42.14287 blablabla
