test=42.10145 test
yeah=42.10146 there will be 3000 of files
blablabla=42.10147 blablabla
