test=42.12659 test
yeah=42.12660 there will be 3000 of files
blablabla=42.12661 blablabla
