test=42.13811 test
yeah=42.13812 there will be 3000 of files
blablabla=42.13813 blablabla
