test=42.14351 test
yeah=42.14352 there will be 3000 of files
blablabla=42.14353 blablabla
