test=42.11216 test
yeah=42.11217 there will be 3000 of files
blablabla=42.11218 blablabla
