test=42.14345 test
yeah=42.14346 there will be 3000 of files
blablabla=42.14347 blablabla
