test=42.11060 test
yeah=42.11061 there will be 3000 of files
blablabla=42.11062 blablabla
