test=42.14297 test
yeah=42.14298 there will be 3000 of files
blablabla=42.14299 blablabla
