test=42.13724 test
yeah=42.13725 there will be 3000 of files
blablabla=42.13726 blablabla
