test=42.11039 test
yeah=42.11040 there will be 3000 of files
blablabla=42.11041 blablabla
