test=42.10022 test
yeah=42.10023 there will be 3000 of files
blablabla=42.10024 blablabla
