test=42.13097 test
yeah=42.13098 there will be 3000 of files
blablabla=42.13099 blablabla
