test=42.14498 test
yeah=42.14499 there will be 3000 of files
blablabla=42.14500 blablabla
