test=42.14432 test
yeah=42.14433 there will be 3000 of files
blablabla=42.14434 blablabla
