test=42.11111 test
yeah=42.11112 there will be 3000 of files
blablabla=42.11113 blablabla
