test=42.13700 test
yeah=42.13701 there will be 3000 of files
blablabla=42.13702 blablabla
