test=42.12386 test
yeah=42.12387 there will be 3000 of files
blablabla=42.12388 blablabla
