test=42.12947 test
yeah=42.12948 there will be 3000 of files
blablabla=42.12949 blablabla
