test=42.13679 test
yeah=42.13680 there will be 3000 of files
blablabla=42.13681 blablabla
