test=42.12161 test
yeah=42.12162 there will be 3000 of files
blablabla=42.12163 blablabla
