test=42.13589 test
yeah=42.13590 there will be 3000 of files
blablabla=42.13591 blablabla
