test=42.12464 test
yeah=42.12465 there will be 3000 of files
blablabla=42.12466 blablabla
