test=42.11033 test
yeah=42.11034 there will be 3000 of files
blablabla=42.11035 blablabla
