test=42.11756 test
yeah=42.11757 there will be 3000 of files
blablabla=42.11758 blablabla
