test=42.13388 test
yeah=42.13389 there will be 3000 of files
blablabla=42.13390 blablabla
