test=42.10928 test
yeah=42.10929 there will be 3000 of files
blablabla=42.10930 blablabla
