test=42.12587 test
yeah=42.12588 there will be 3000 of files
blablabla=42.12589 blablabla
