test=42.14135 test
yeah=42.14136 there will be 3000 of files
blablabla=42.14137 blablabla
