test=42.13715 test
yeah=42.13716 there will be 3000 of files
blablabla=42.13717 blablabla
