test=42.12203 test
yeah=42.12204 there will be 3000 of files
blablabla=42.12205 blablabla
