test=42.10310 test
yeah=42.10311 there will be 3000 of files
blablabla=42.10312 blablabla
