test=42.10757 test
yeah=42.10758 there will be 3000 of files
blablabla=42.10759 blablabla
