test=42.11309 test
yeah=42.11310 there will be 3000 of files
blablabla=42.11311 blablabla
