test=42.14342 test
yeah=42.14343 there will be 3000 of files
blablabla=42.14344 blablabla
