test=42.12698 test
yeah=42.12699 there will be 3000 of files
blablabla=42.12700 blablabla
