test=42.12212 test
yeah=42.12213 there will be 3000 of files
blablabla=42.12214 blablabla
