test=42.13508 test
yeah=42.13509 there will be 3000 of files
blablabla=42.13510 blablabla
