test=42.11048 test
yeah=42.11049 there will be 3000 of files
blablabla=42.11050 blablabla
