test=42.10271 test
yeah=42.10272 there will be 3000 of files
blablabla=42.10273 blablabla
