test=42.12740 test
yeah=42.12741 there will be 3000 of files
blablabla=42.12742 blablabla
