test=42.13928 test
yeah=42.13929 there will be 3000 of files
blablabla=42.13930 blablabla
