test=42.11306 test
yeah=42.11307 there will be 3000 of files
blablabla=42.11308 blablabla
