test=42.10241 test
yeah=42.10242 there will be 3000 of files
blablabla=42.10243 blablabla
