test=42.11900 test
yeah=42.11901 there will be 3000 of files
blablabla=42.11902 blablabla
