test=42.13856 test
yeah=42.13857 there will be 3000 of files
blablabla=42.13858 blablabla
