test=42.12908 test
yeah=42.12909 there will be 3000 of files
blablabla=42.12910 blablabla
