test=42.10427 test
yeah=42.10428 there will be 3000 of files
blablabla=42.10429 blablabla
