test=42.12455 test
yeah=42.12456 there will be 3000 of files
blablabla=42.12457 blablabla
