test=42.11708 test
yeah=42.11709 there will be 3000 of files
blablabla=42.11710 blablabla
