test=42.13136 test
yeah=42.13137 there will be 3000 of files
blablabla=42.13138 blablabla
