test=42.11408 test
yeah=42.11409 there will be 3000 of files
blablabla=42.11410 blablabla
