test=42.14501 test
yeah=42.14502 there will be 3000 of files
blablabla=42.14503 blablabla
