test=42.14303 test
yeah=42.14304 there will be 3000 of files
blablabla=42.14305 blablabla
