test=42.10571 test
yeah=42.10572 there will be 3000 of files
blablabla=42.10573 blablabla
