test=42.11519 test
yeah=42.11520 there will be 3000 of files
blablabla=42.11521 blablabla
