test=42.10235 test
yeah=42.10236 there will be 3000 of files
blablabla=42.10237 blablabla
