test=42.13211 test
yeah=42.13212 there will be 3000 of files
blablabla=42.13213 blablabla
