test=42.13037 test
yeah=42.13038 there will be 3000 of files
blablabla=42.13039 blablabla
