test=42.10031 test
yeah=42.10032 there will be 3000 of files
blablabla=42.10033 blablabla
