test=42.12533 test
yeah=42.12534 there will be 3000 of files
blablabla=42.12535 blablabla
