test=42.12548 test
yeah=42.12549 there will be 3000 of files
blablabla=42.12550 blablabla
