test=42.14564 test
yeah=42.14565 there will be 3000 of files
blablabla=42.14566 blablabla
