test=42.13862 test
yeah=42.13863 there will be 3000 of files
blablabla=42.13864 blablabla
