test=42.10469 test
yeah=42.10470 there will be 3000 of files
blablabla=42.10471 blablabla
