test=42.10565 test
yeah=42.10566 there will be 3000 of files
blablabla=42.10567 blablabla
