test=42.12773 test
yeah=42.12774 there will be 3000 of files
blablabla=42.12775 blablabla
