test=42.11219 test
yeah=42.11220 there will be 3000 of files
blablabla=42.11221 blablabla
