test=42.13487 test
yeah=42.13488 there will be 3000 of files
blablabla=42.13489 blablabla
