test=42.13730 test
yeah=42.13731 there will be 3000 of files
blablabla=42.13732 blablabla
