test=42.11930 test
yeah=42.11931 there will be 3000 of files
blablabla=42.11932 blablabla
