test=42.14456 test
yeah=42.14457 there will be 3000 of files
blablabla=42.14458 blablabla
