test=42.13982 test
yeah=42.13983 there will be 3000 of files
blablabla=42.13984 blablabla
