test=42.14489 test
yeah=42.14490 there will be 3000 of files
blablabla=42.14491 blablabla
