test=42.13880 test
yeah=42.13881 there will be 3000 of files
blablabla=42.13882 blablabla
