test=42.12266 test
yeah=42.12267 there will be 3000 of files
blablabla=42.12268 blablabla
