test=42.10136 test
yeah=42.10137 there will be 3000 of files
blablabla=42.10138 blablabla
