test=42.12572 test
yeah=42.12573 there will be 3000 of files
blablabla=42.12574 blablabla
