test=42.10259 test
yeah=42.10260 there will be 3000 of files
blablabla=42.10261 blablabla
