test=42.11495 test
yeah=42.11496 there will be 3000 of files
blablabla=42.11497 blablabla
