test=42.11204 test
yeah=42.11205 there will be 3000 of files
blablabla=42.11206 blablabla
