test=42.13247 test
yeah=42.13248 there will be 3000 of files
blablabla=42.13249 blablabla
