test=42.13745 test
yeah=42.13746 there will be 3000 of files
blablabla=42.13747 blablabla
