test=42.10220 test
yeah=42.10221 there will be 3000 of files
blablabla=42.10222 blablabla
