test=42.11669 test
yeah=42.11670 there will be 3000 of files
blablabla=42.11671 blablabla
