test=42.12245 test
yeah=42.12246 there will be 3000 of files
blablabla=42.12247 blablabla
