test=42.11102 test
yeah=42.11103 there will be 3000 of files
blablabla=42.11104 blablabla
