test=42.11063 test
yeah=42.11064 there will be 3000 of files
blablabla=42.11065 blablabla
