test=42.10409 test
yeah=42.10410 there will be 3000 of files
blablabla=42.10411 blablabla
