test=42.10286 test
yeah=42.10287 there will be 3000 of files
blablabla=42.10288 blablabla
