test=42.10634 test
yeah=42.10635 there will be 3000 of files
blablabla=42.10636 blablabla
