test=42.12443 test
yeah=42.12444 there will be 3000 of files
blablabla=42.12445 blablabla
