test=42.13415 test
yeah=42.13416 there will be 3000 of files
blablabla=42.13417 blablabla
