test=42.12899 test
yeah=42.12900 there will be 3000 of files
blablabla=42.12901 blablabla
