test=42.12731 test
yeah=42.12732 there will be 3000 of files
blablabla=42.12733 blablabla
