test=42.11819 test
yeah=42.11820 there will be 3000 of files
blablabla=42.11821 blablabla
