test=42.10124 test
yeah=42.10125 there will be 3000 of files
blablabla=42.10126 blablabla
