test=42.10862 test
yeah=42.10863 there will be 3000 of files
blablabla=42.10864 blablabla
