test=42.11513 test
yeah=42.11514 there will be 3000 of files
blablabla=42.11515 blablabla
