test=42.14339 test
yeah=42.14340 there will be 3000 of files
blablabla=42.14341 blablabla
