test=42.11921 test
yeah=42.11922 there will be 3000 of files
blablabla=42.11923 blablabla
