test=42.14654 test
yeah=42.14655 there will be 3000 of files
blablabla=42.14656 blablabla
