test=42.12107 test
yeah=42.12108 there will be 3000 of files
blablabla=42.12109 blablabla
