test=42.11966 test
yeah=42.11967 there will be 3000 of files
blablabla=42.11968 blablabla
