test=42.13706 test
yeah=42.13707 there will be 3000 of files
blablabla=42.13708 blablabla
