test=42.12851 test
yeah=42.12852 there will be 3000 of files
blablabla=42.12853 blablabla
