test=42.10976 test
yeah=42.10977 there will be 3000 of files
blablabla=42.10978 blablabla
