test=42.14237 test
yeah=42.14238 there will be 3000 of files
blablabla=42.14239 blablabla
