test=42.12581 test
yeah=42.12582 there will be 3000 of files
blablabla=42.12583 blablabla
