test=42.12911 test
yeah=42.12912 there will be 3000 of files
blablabla=42.12913 blablabla
