test=42.13886 test
yeah=42.13887 there will be 3000 of files
blablabla=42.13888 blablabla
