test=42.10853 test
yeah=42.10854 there will be 3000 of files
blablabla=42.10855 blablabla
