test=42.12314 test
yeah=42.12315 there will be 3000 of files
blablabla=42.12316 blablabla
