test=42.10577 test
yeah=42.10578 there will be 3000 of files
blablabla=42.10579 blablabla
