test=42.12827 test
yeah=42.12828 there will be 3000 of files
blablabla=42.12829 blablabla
