test=42.11822 test
yeah=42.11823 there will be 3000 of files
blablabla=42.11824 blablabla
