test=42.13226 test
yeah=42.13227 there will be 3000 of files
blablabla=42.13228 blablabla
