test=42.12611 test
yeah=42.12612 there will be 3000 of files
blablabla=42.12613 blablabla
