test=42.12791 test
yeah=42.12792 there will be 3000 of files
blablabla=42.12793 blablabla
