test=42.11243 test
yeah=42.11244 there will be 3000 of files
blablabla=42.11245 blablabla
