test=42.13517 test
yeah=42.13518 there will be 3000 of files
blablabla=42.13519 blablabla
