test=42.14585 test
yeah=42.14586 there will be 3000 of files
blablabla=42.14587 blablabla
