test=42.10223 test
yeah=42.10224 there will be 3000 of files
blablabla=42.10225 blablabla
