test=42.12890 test
yeah=42.12891 there will be 3000 of files
blablabla=42.12892 blablabla
