test=42.12977 test
yeah=42.12978 there will be 3000 of files
blablabla=42.12979 blablabla
