test=42.12800 test
yeah=42.12801 there will be 3000 of files
blablabla=42.12802 blablabla
