test=42.10544 test
yeah=42.10545 there will be 3000 of files
blablabla=42.10546 blablabla
