test=42.14300 test
yeah=42.14301 there will be 3000 of files
blablabla=42.14302 blablabla
