test=42.10685 test
yeah=42.10686 there will be 3000 of files
blablabla=42.10687 blablabla
