test=42.13424 test
yeah=42.13425 there will be 3000 of files
blablabla=42.13426 blablabla
