test=42.13016 test
yeah=42.13017 there will be 3000 of files
blablabla=42.13018 blablabla
