test=42.10037 test
yeah=42.10038 there will be 3000 of files
blablabla=42.10039 blablabla
