test=42.10706 test
yeah=42.10707 there will be 3000 of files
blablabla=42.10708 blablabla
