test=42.12485 test
yeah=42.12486 there will be 3000 of files
blablabla=42.12487 blablabla
