test=42.11003 test
yeah=42.11004 there will be 3000 of files
blablabla=42.11005 blablabla
