test=42.12023 test
yeah=42.12024 there will be 3000 of files
blablabla=42.12025 blablabla
