test=42.12047 test
yeah=42.12048 there will be 3000 of files
blablabla=42.12049 blablabla
