test=42.14000 test
yeah=42.14001 there will be 3000 of files
blablabla=42.14002 blablabla
