test=42.12368 test
yeah=42.12369 there will be 3000 of files
blablabla=42.12370 blablabla
