test=42.12080 test
yeah=42.12081 there will be 3000 of files
blablabla=42.12082 blablabla
