test=42.14453 test
yeah=42.14454 there will be 3000 of files
blablabla=42.14455 blablabla
