test=42.13697 test
yeah=42.13698 there will be 3000 of files
blablabla=42.13699 blablabla
