test=42.13421 test
yeah=42.13422 there will be 3000 of files
blablabla=42.13423 blablabla
