test=42.11813 test
yeah=42.11814 there will be 3000 of files
blablabla=42.11815 blablabla
