test=42.13049 test
yeah=42.13050 there will be 3000 of files
blablabla=42.13051 blablabla
