test=42.10517 test
yeah=42.10518 there will be 3000 of files
blablabla=42.10519 blablabla
