test=42.14195 test
yeah=42.14196 there will be 3000 of files
blablabla=42.14197 blablabla
