test=42.12872 test
yeah=42.12873 there will be 3000 of files
blablabla=42.12874 blablabla
