test=42.13229 test
yeah=42.13230 there will be 3000 of files
blablabla=42.13231 blablabla
