test=42.10052 test
yeah=42.10053 there will be 3000 of files
blablabla=42.10054 blablabla
