test=42.11615 test
yeah=42.11616 there will be 3000 of files
blablabla=42.11617 blablabla
