test=42.12164 test
yeah=42.12165 there will be 3000 of files
blablabla=42.12166 blablabla
