test=42.14477 test
yeah=42.14478 there will be 3000 of files
blablabla=42.14479 blablabla
