test=42.12329 test
yeah=42.12330 there will be 3000 of files
blablabla=42.12331 blablabla
