test=42.10451 test
yeah=42.10452 there will be 3000 of files
blablabla=42.10453 blablabla
