test=42.11015 test
yeah=42.11016 there will be 3000 of files
blablabla=42.11017 blablabla
