test=42.10346 test
yeah=42.10347 there will be 3000 of files
blablabla=42.10348 blablabla
