test=42.12170 test
yeah=42.12171 there will be 3000 of files
blablabla=42.12172 blablabla
