test=42.10754 test
yeah=42.10755 there will be 3000 of files
blablabla=42.10756 blablabla
