test=42.13460 test
yeah=42.13461 there will be 3000 of files
blablabla=42.13462 blablabla
