test=42.10781 test
yeah=42.10782 there will be 3000 of files
blablabla=42.10783 blablabla
