test=42.12293 test
yeah=42.12294 there will be 3000 of files
blablabla=42.12295 blablabla
