test=42.12971 test
yeah=42.12972 there will be 3000 of files
blablabla=42.12973 blablabla
