test=42.10472 test
yeah=42.10473 there will be 3000 of files
blablabla=42.10474 blablabla
