test=42.12284 test
yeah=42.12285 there will be 3000 of files
blablabla=42.12286 blablabla
