test=42.12680 test
yeah=42.12681 there will be 3000 of files
blablabla=42.12682 blablabla
