test=42.11771 test
yeah=42.11772 there will be 3000 of files
blablabla=42.11773 blablabla
