test=42.14567 test
yeah=42.14568 there will be 3000 of files
blablabla=42.14569 blablabla
