test=42.14324 test
yeah=42.14325 there will be 3000 of files
blablabla=42.14326 blablabla
