test=42.13559 test
yeah=42.13560 there will be 3000 of files
blablabla=42.13561 blablabla
