test=42.13043 test
yeah=42.13044 there will be 3000 of files
blablabla=42.13045 blablabla
