test=42.12452 test
yeah=42.12453 there will be 3000 of files
blablabla=42.12454 blablabla
