test=42.11846 test
yeah=42.11847 there will be 3000 of files
blablabla=42.11848 blablabla
