test=42.10643 test
yeah=42.10644 there will be 3000 of files
blablabla=42.10645 blablabla
