test=42.11882 test
yeah=42.11883 there will be 3000 of files
blablabla=42.11884 blablabla
