test=42.11477 test
yeah=42.11478 there will be 3000 of files
blablabla=42.11479 blablabla
