test=42.13022 test
yeah=42.13023 there will be 3000 of files
blablabla=42.13024 blablabla
