test=42.12593 test
yeah=42.12594 there will be 3000 of files
blablabla=42.12595 blablabla
