test=42.12458 test
yeah=42.12459 there will be 3000 of files
blablabla=42.12460 blablabla
