test=42.11210 test
yeah=42.11211 there will be 3000 of files
blablabla=42.11212 blablabla
