test=42.14015 test
yeah=42.14016 there will be 3000 of files
blablabla=42.14017 blablabla
