test=42.14066 test
yeah=42.14067 there will be 3000 of files
blablabla=42.14068 blablabla
