test=42.10790 test
yeah=42.10791 there will be 3000 of files
blablabla=42.10792 blablabla
