test=42.14360 test
yeah=42.14361 there will be 3000 of files
blablabla=42.14362 blablabla
