test=42.13370 test
yeah=42.13371 there will be 3000 of files
blablabla=42.13372 blablabla
