test=42.12815 test
yeah=42.12816 there will be 3000 of files
blablabla=42.12817 blablabla
