test=42.13448 test
yeah=42.13449 there will be 3000 of files
blablabla=42.13450 blablabla
