test=42.11639 test
yeah=42.11640 there will be 3000 of files
blablabla=42.11641 blablabla
