test=42.14177 test
yeah=42.14178 there will be 3000 of files
blablabla=42.14179 blablabla
