test=42.12401 test
yeah=42.12402 there will be 3000 of files
blablabla=42.12403 blablabla
