test=42.13631 test
yeah=42.13632 there will be 3000 of files
blablabla=42.13633 blablabla
