test=42.13562 test
yeah=42.13563 there will be 3000 of files
blablabla=42.13564 blablabla
