test=42.10055 test
yeah=42.10056 there will be 3000 of files
blablabla=42.10057 blablabla
