test=42.10733 test
yeah=42.10734 there will be 3000 of files
blablabla=42.10735 blablabla
