test=42.11177 test
yeah=42.11178 there will be 3000 of files
blablabla=42.11179 blablabla
