test=42.12509 test
yeah=42.12510 there will be 3000 of files
blablabla=42.12511 blablabla
