test=42.10073 test
yeah=42.10074 there will be 3000 of files
blablabla=42.10075 blablabla
