test=42.12221 test
yeah=42.12222 there will be 3000 of files
blablabla=42.12223 blablabla
