test=42.10274 test
yeah=42.10275 there will be 3000 of files
blablabla=42.10276 blablabla
