test=42.14405 test
yeah=42.14406 there will be 3000 of files
blablabla=42.14407 blablabla
