test=42.11978 test
yeah=42.11979 there will be 3000 of files
blablabla=42.11980 blablabla
