test=42.10358 test
yeah=42.10359 there will be 3000 of files
blablabla=42.10360 blablabla
