test=42.13604 test
yeah=42.13605 there will be 3000 of files
blablabla=42.13606 blablabla
