test=42.12518 test
yeah=42.12519 there will be 3000 of files
blablabla=42.12520 blablabla
