test=42.11390 test
yeah=42.11391 there will be 3000 of files
blablabla=42.11392 blablabla
