test=42.13451 test
yeah=42.13452 there will be 3000 of files
blablabla=42.13453 blablabla
