test=42.10034 test
yeah=42.10035 there will be 3000 of files
blablabla=42.10036 blablabla
