test=42.10322 test
yeah=42.10323 there will be 3000 of files
blablabla=42.10324 blablabla
