test=42.13523 test
yeah=42.13524 there will be 3000 of files
blablabla=42.13525 blablabla
