test=42.13778 test
yeah=42.13779 there will be 3000 of files
blablabla=42.13780 blablabla
