test=42.10709 test
yeah=42.10710 there will be 3000 of files
blablabla=42.10711 blablabla
