test=42.12377 test
yeah=42.12378 there will be 3000 of files
blablabla=42.12379 blablabla
