test=42.10082 test
yeah=42.10083 there will be 3000 of files
blablabla=42.10084 blablabla
