test=42.13199 test
yeah=42.13200 there will be 3000 of files
blablabla=42.13201 blablabla
