test=42.13259 test
yeah=42.13260 there will be 3000 of files
blablabla=42.13261 blablabla
