test=42.11252 test
yeah=42.11253 there will be 3000 of files
blablabla=42.11254 blablabla
