test=42.13883 test
yeah=42.13884 there will be 3000 of files
blablabla=42.13885 blablabla
