test=42.13172 test
yeah=42.13173 there will be 3000 of files
blablabla=42.13174 blablabla
