test=42.13571 test
yeah=42.13572 there will be 3000 of files
blablabla=42.13573 blablabla
