test=42.11777 test
yeah=42.11778 there will be 3000 of files
blablabla=42.11779 blablabla
