test=42.11729 test
yeah=42.11730 there will be 3000 of files
blablabla=42.11731 blablabla
