test=42.12770 test
yeah=42.12771 there will be 3000 of files
blablabla=42.12772 blablabla
