test=42.11354 test
yeah=42.11355 there will be 3000 of files
blablabla=42.11356 blablabla
