test=42.11423 test
yeah=42.11424 there will be 3000 of files
blablabla=42.11425 blablabla
