test=42.11336 test
yeah=42.11337 there will be 3000 of files
blablabla=42.11338 blablabla
