test=42.12449 test
yeah=42.12450 there will be 3000 of files
blablabla=42.12451 blablabla
