test=42.13676 test
yeah=42.13677 there will be 3000 of files
blablabla=42.13678 blablabla
