test=42.12578 test
yeah=42.12579 there will be 3000 of files
blablabla=42.12580 blablabla
