test=42.13976 test
yeah=42.13977 there will be 3000 of files
blablabla=42.13978 blablabla
