test=42.13535 test
yeah=42.13536 there will be 3000 of files
blablabla=42.13537 blablabla
