test=42.13844 test
yeah=42.13845 there will be 3000 of files
blablabla=42.13846 blablabla
