test=42.11783 test
yeah=42.11784 there will be 3000 of files
blablabla=42.11785 blablabla
