test=42.13430 test
yeah=42.13431 there will be 3000 of files
blablabla=42.13432 blablabla
