test=42.12014 test
yeah=42.12015 there will be 3000 of files
blablabla=42.12016 blablabla
