test=42.12104 test
yeah=42.12105 there will be 3000 of files
blablabla=42.12106 blablabla
