test=42.10421 test
yeah=42.10422 there will be 3000 of files
blablabla=42.10423 blablabla
