test=42.11618 test
yeah=42.11619 there will be 3000 of files
blablabla=42.11620 blablabla
