test=42.12926 test
yeah=42.12927 there will be 3000 of files
blablabla=42.12928 blablabla
