test=42.10112 test
yeah=42.10113 there will be 3000 of files
blablabla=42.10114 blablabla
