test=42.13478 test
yeah=42.13479 there will be 3000 of files
blablabla=42.13480 blablabla
