test=42.13943 test
yeah=42.13944 there will be 3000 of files
blablabla=42.13945 blablabla
