test=42.12404 test
yeah=42.12405 there will be 3000 of files
blablabla=42.12406 blablabla
