test=42.10262 test
yeah=42.10263 there will be 3000 of files
blablabla=42.10264 blablabla
