test=42.11906 test
yeah=42.11907 there will be 3000 of files
blablabla=42.11908 blablabla
