test=42.10874 test
yeah=42.10875 there will be 3000 of files
blablabla=42.10876 blablabla
