test=42.11267 test
yeah=42.11268 there will be 3000 of files
blablabla=42.11269 blablabla
