test=42.10118 test
yeah=42.10119 there will be 3000 of files
blablabla=42.10120 blablabla
