test=42.12344 test
yeah=42.12345 there will be 3000 of files
blablabla=42.12346 blablabla
