test=42.10328 test
yeah=42.10329 there will be 3000 of files
blablabla=42.10330 blablabla
