test=42.13667 test
yeah=42.13668 there will be 3000 of files
blablabla=42.13669 blablabla
