test=42.13166 test
yeah=42.13167 there will be 3000 of files
blablabla=42.13168 blablabla
