test=42.12887 test
yeah=42.12888 there will be 3000 of files
blablabla=42.12889 blablabla
