test=42.13895 test
yeah=42.13896 there will be 3000 of files
blablabla=42.13897 blablabla
