test=42.10439 test
yeah=42.10440 there will be 3000 of files
blablabla=42.10441 blablabla
