test=42.14639 test
yeah=42.14640 there will be 3000 of files
blablabla=42.14641 blablabla
