test=42.10466 test
yeah=42.10467 there will be 3000 of files
blablabla=42.10468 blablabla
