test=42.10106 test
yeah=42.10107 there will be 3000 of files
blablabla=42.10108 blablabla
