test=42.13661 test
yeah=42.13662 there will be 3000 of files
blablabla=42.13663 blablabla
