test=42.12356 test
yeah=42.12357 there will be 3000 of files
blablabla=42.12358 blablabla
