test=42.13760 test
yeah=42.13761 there will be 3000 of files
blablabla=42.13762 blablabla
