test=42.11045 test
yeah=42.11046 there will be 3000 of files
blablabla=42.11047 blablabla
