test=42.10010 test
yeah=42.10011 there will be 3000 of files
blablabla=42.10012 blablabla
