test=42.12437 test
yeah=42.12438 there will be 3000 of files
blablabla=42.12439 blablabla
