test=42.12866 test
yeah=42.12867 there will be 3000 of files
blablabla=42.12868 blablabla
