test=42.11738 test
yeah=42.11739 there will be 3000 of files
blablabla=42.11740 blablabla
