test=42.10595 test
yeah=42.10596 there will be 3000 of files
blablabla=42.10597 blablabla
