test=42.10019 test
yeah=42.10020 there will be 3000 of files
blablabla=42.10021 blablabla
