test=42.13940 test
yeah=42.13941 there will be 3000 of files
blablabla=42.13942 blablabla
