test=42.12602 test
yeah=42.12603 there will be 3000 of files
blablabla=42.12604 blablabla
