test=42.10202 test
yeah=42.10203 there will be 3000 of files
blablabla=42.10204 blablabla
