test=42.13100 test
yeah=42.13101 there will be 3000 of files
blablabla=42.13102 blablabla
