test=42.11852 test
yeah=42.11853 there will be 3000 of files
blablabla=42.11854 blablabla
