test=42.11588 test
yeah=42.11589 there will be 3000 of files
blablabla=42.11590 blablabla
