test=42.10808 test
yeah=42.10809 there will be 3000 of files
blablabla=42.10810 blablabla
