test=42.14579 test
yeah=42.14580 there will be 3000 of files
blablabla=42.14581 blablabla
