test=42.13250 test
yeah=42.13251 there will be 3000 of files
blablabla=42.13252 blablabla
