test=42.11282 test
yeah=42.11283 there will be 3000 of files
blablabla=42.11284 blablabla
