test=42.13793 test
yeah=42.13794 there will be 3000 of files
blablabla=42.13795 blablabla
