test=42.11264 test
yeah=42.11265 there will be 3000 of files
blablabla=42.11266 blablabla
