test=42.11129 test
yeah=42.11130 there will be 3000 of files
blablabla=42.11131 blablabla
