test=42.12545 test
yeah=42.12546 there will be 3000 of files
blablabla=42.12547 blablabla
