test=42.10820 test
yeah=42.10821 there will be 3000 of files
blablabla=42.10822 blablabla
