test=42.10028 test
yeah=42.10029 there will be 3000 of files
blablabla=42.10030 blablabla
