test=42.10811 test
yeah=42.10812 there will be 3000 of files
blablabla=42.10813 blablabla
