test=42.13442 test
yeah=42.13443 there will be 3000 of files
blablabla=42.13444 blablabla
