test=42.13823 test
yeah=42.13824 there will be 3000 of files
blablabla=42.13825 blablabla
