test=42.11405 test
yeah=42.11406 there will be 3000 of files
blablabla=42.11407 blablabla
