test=42.14288 test
yeah=42.14289 there will be 3000 of files
blablabla=42.14290 blablabla
