test=42.11324 test
yeah=42.11325 there will be 3000 of files
blablabla=42.11326 blablabla
