test=42.11123 test
yeah=42.11124 there will be 3000 of files
blablabla=42.11125 blablabla
