test=42.12281 test
yeah=42.12282 there will be 3000 of files
blablabla=42.12283 blablabla
