test=42.14171 test
yeah=42.14172 there will be 3000 of files
blablabla=42.14173 blablabla
