test=42.10091 test
yeah=42.10092 there will be 3000 of files
blablabla=42.10093 blablabla
