test=42.11732 test
yeah=42.11733 there will be 3000 of files
blablabla=42.11734 blablabla
