test=42.14645 test
yeah=42.14646 there will be 3000 of files
blablabla=42.14647 blablabla
