test=42.11630 test
yeah=42.11631 there will be 3000 of files
blablabla=42.11632 blablabla
