test=42.13499 test
yeah=42.13500 there will be 3000 of files
blablabla=42.13501 blablabla
