test=42.13130 test
yeah=42.13131 there will be 3000 of files
blablabla=42.13132 blablabla
