test=42.12629 test
yeah=42.12630 there will be 3000 of files
blablabla=42.12631 blablabla
