test=42.12644 test
yeah=42.12645 there will be 3000 of files
blablabla=42.12646 blablabla
