test=42.12989 test
yeah=42.12990 there will be 3000 of files
blablabla=42.12991 blablabla
