test=42.10397 test
yeah=42.10398 there will be 3000 of files
blablabla=42.10399 blablabla
