test=42.12620 test
yeah=42.12621 there will be 3000 of files
blablabla=42.12622 blablabla
