test=42.12923 test
yeah=42.12924 there will be 3000 of files
blablabla=42.12925 blablabla
