test=42.13328 test
yeah=42.13329 there will be 3000 of files
blablabla=42.13330 blablabla
