test=42.11834 test
yeah=42.11835 there will be 3000 of files
blablabla=42.11836 blablabla
