test=42.10547 test
yeah=42.10548 there will be 3000 of files
blablabla=42.10549 blablabla
