test=42.14411 test
yeah=42.14412 there will be 3000 of files
blablabla=42.14413 blablabla
