test=42.10484 test
yeah=42.10485 there will be 3000 of files
blablabla=42.10486 blablabla
