test=42.14123 test
yeah=42.14124 there will be 3000 of files
blablabla=42.14125 blablabla
