test=42.12275 test
yeah=42.12276 there will be 3000 of files
blablabla=42.12277 blablabla
