test=42.12407 test
yeah=42.12408 there will be 3000 of files
blablabla=42.12409 blablabla
