test=42.13853 test
yeah=42.13854 there will be 3000 of files
blablabla=42.13855 blablabla
