test=42.10238 test
yeah=42.10239 there will be 3000 of files
blablabla=42.10240 blablabla
