test=42.12230 test
yeah=42.12231 there will be 3000 of files
blablabla=42.12232 blablabla
