test=42.13505 test
yeah=42.13506 there will be 3000 of files
blablabla=42.13507 blablabla
