test=42.10739 test
yeah=42.10740 there will be 3000 of files
blablabla=42.10741 blablabla
