test=42.13361 test
yeah=42.13362 there will be 3000 of files
blablabla=42.13363 blablabla
