test=42.10745 test
yeah=42.10746 there will be 3000 of files
blablabla=42.10747 blablabla
