test=42.11258 test
yeah=42.11259 there will be 3000 of files
blablabla=42.11260 blablabla
