test=42.13379 test
yeah=42.13380 there will be 3000 of files
blablabla=42.13381 blablabla
