test=42.11531 test
yeah=42.11532 there will be 3000 of files
blablabla=42.11533 blablabla
