test=42.12668 test
yeah=42.12669 there will be 3000 of files
blablabla=42.12670 blablabla
