test=42.14003 test
yeah=42.14004 there will be 3000 of files
blablabla=42.14005 blablabla
