test=42.12413 test
yeah=42.12414 there will be 3000 of files
blablabla=42.12415 blablabla
