test=42.14504 test
yeah=42.14505 there will be 3000 of files
blablabla=42.14506 blablabla
