test=42.12065 test
yeah=42.12066 there will be 3000 of files
blablabla=42.12067 blablabla
