test=42.12638 test
yeah=42.12639 there will be 3000 of files
blablabla=42.12640 blablabla
