test=42.13670 test
yeah=42.13671 there will be 3000 of files
blablabla=42.13672 blablabla
