test=42.13529 test
yeah=42.13530 there will be 3000 of files
blablabla=42.13531 blablabla
