test=42.14108 test
yeah=42.14109 there will be 3000 of files
blablabla=42.14110 blablabla
