test=42.13490 test
yeah=42.13491 there will be 3000 of files
blablabla=42.13492 blablabla
