test=42.11108 test
yeah=42.11109 there will be 3000 of files
blablabla=42.11110 blablabla
