test=42.10367 test
yeah=42.10368 there will be 3000 of files
blablabla=42.10369 blablabla
