test=42.11270 test
yeah=42.11271 there will be 3000 of files
blablabla=42.11272 blablabla
