test=42.14216 test
yeah=42.14217 there will be 3000 of files
blablabla=42.14218 blablabla
