test=42.10877 test
yeah=42.10878 there will be 3000 of files
blablabla=42.10879 blablabla
