test=42.10196 test
yeah=42.10197 there will be 3000 of files
blablabla=42.10198 blablabla
