test=42.13367 test
yeah=42.13368 there will be 3000 of files
blablabla=42.13369 blablabla
