test=42.14399 test
yeah=42.14400 there will be 3000 of files
blablabla=42.14401 blablabla
