test=42.11474 test
yeah=42.11475 there will be 3000 of files
blablabla=42.11476 blablabla
