test=42.12089 test
yeah=42.12090 there will be 3000 of files
blablabla=42.12091 blablabla
