test=42.12149 test
yeah=42.12150 there will be 3000 of files
blablabla=42.12151 blablabla
