test=42.11414 test
yeah=42.11415 there will be 3000 of files
blablabla=42.11416 blablabla
