test=42.13271 test
yeah=42.13272 there will be 3000 of files
blablabla=42.13273 blablabla
