test=42.10157 test
yeah=42.10158 there will be 3000 of files
blablabla=42.10159 blablabla
