test=42.13748 test
yeah=42.13749 there will be 3000 of files
blablabla=42.13750 blablabla
