test=42.14531 test
yeah=42.14532 there will be 3000 of files
blablabla=42.14533 blablabla
