test=42.14492 test
yeah=42.14493 there will be 3000 of files
blablabla=42.14494 blablabla
