test=42.13241 test
yeah=42.13242 there will be 3000 of files
blablabla=42.13243 blablabla
