test=42.10802 test
yeah=42.10803 there will be 3000 of files
blablabla=42.10804 blablabla
