test=42.14201 test
yeah=42.14202 there will be 3000 of files
blablabla=42.14203 blablabla
