test=42.10817 test
yeah=42.10818 there will be 3000 of files
blablabla=42.10819 blablabla
