test=42.11567 test
yeah=42.11568 there will be 3000 of files
blablabla=42.11569 blablabla
