test=42.11348 test
yeah=42.11349 there will be 3000 of files
blablabla=42.11350 blablabla
