test=42.11075 test
yeah=42.11076 there will be 3000 of files
blablabla=42.11077 blablabla
