test=42.13064 test
yeah=42.13065 there will be 3000 of files
blablabla=42.13066 blablabla
