test=42.14054 test
yeah=42.14055 there will be 3000 of files
blablabla=42.14056 blablabla
