test=42.13295 test
yeah=42.13296 there will be 3000 of files
blablabla=42.13297 blablabla
