test=42.13994 test
yeah=42.13995 there will be 3000 of files
blablabla=42.13996 blablabla
