test=42.14081 test
yeah=42.14082 there will be 3000 of files
blablabla=42.14083 blablabla
