test=42.14174 test
yeah=42.14175 there will be 3000 of files
blablabla=42.14176 blablabla
