test=42.13586 test
yeah=42.13587 there will be 3000 of files
blablabla=42.13588 blablabla
