test=42.12734 test
yeah=42.12735 there will be 3000 of files
blablabla=42.12736 blablabla
