test=42.12440 test
yeah=42.12441 there will be 3000 of files
blablabla=42.12442 blablabla
