test=42.10919 test
yeah=42.10920 there will be 3000 of files
blablabla=42.10921 blablabla
