test=42.11624 test
yeah=42.11625 there will be 3000 of files
blablabla=42.11626 blablabla
