test=42.12260 test
yeah=42.12261 there will be 3000 of files
blablabla=42.12262 blablabla
