test=42.10559 test
yeah=42.10560 there will be 3000 of files
blablabla=42.10561 blablabla
