test=42.11180 test
yeah=42.11181 there will be 3000 of files
blablabla=42.11182 blablabla
