test=42.13622 test
yeah=42.13623 there will be 3000 of files
blablabla=42.13624 blablabla
