test=42.10883 test
yeah=42.10884 there will be 3000 of files
blablabla=42.10885 blablabla
