test=42.11510 test
yeah=42.11511 there will be 3000 of files
blablabla=42.11512 blablabla
