test=42.11945 test
yeah=42.11946 there will be 3000 of files
blablabla=42.11947 blablabla
