test=42.13538 test
yeah=42.13539 there will be 3000 of files
blablabla=42.13540 blablabla
