test=42.12782 test
yeah=42.12783 there will be 3000 of files
blablabla=42.12784 blablabla
