test=42.13742 test
yeah=42.13743 there will be 3000 of files
blablabla=42.13744 blablabla
