test=42.10721 test
yeah=42.10722 there will be 3000 of files
blablabla=42.10723 blablabla
