test=42.12098 test
yeah=42.12099 there will be 3000 of files
blablabla=42.12100 blablabla
