test=42.12341 test
yeah=42.12342 there will be 3000 of files
blablabla=42.12343 blablabla
