test=42.13925 test
yeah=42.13926 there will be 3000 of files
blablabla=42.13927 blablabla
