test=42.11294 test
yeah=42.11295 there will be 3000 of files
blablabla=42.11296 blablabla
