test=42.13058 test
yeah=42.13059 there will be 3000 of files
blablabla=42.13060 blablabla
