test=42.12662 test
yeah=42.12663 there will be 3000 of files
blablabla=42.12664 blablabla
