test=42.11432 test
yeah=42.11433 there will be 3000 of files
blablabla=42.11434 blablabla
