test=42.14036 test
yeah=42.14037 there will be 3000 of files
blablabla=42.14038 blablabla
