test=42.13394 test
yeah=42.13395 there will be 3000 of files
blablabla=42.13396 blablabla
