test=42.11438 test
yeah=42.11439 there will be 3000 of files
blablabla=42.11440 blablabla
