test=42.14252 test
yeah=42.14253 there will be 3000 of files
blablabla=42.14254 blablabla
