test=42.12092 test
yeah=42.12093 there will be 3000 of files
blablabla=42.12094 blablabla
