test=42.14591 test
yeah=42.14592 there will be 3000 of files
blablabla=42.14593 blablabla
