test=42.14444 test
yeah=42.14445 there will be 3000 of files
blablabla=42.14446 blablabla
