test=42.11366 test
yeah=42.11367 there will be 3000 of files
blablabla=42.11368 blablabla
