test=42.11105 test
yeah=42.11106 there will be 3000 of files
blablabla=42.11107 blablabla
