test=42.13898 test
yeah=42.13899 there will be 3000 of files
blablabla=42.13900 blablabla
