test=42.13310 test
yeah=42.13311 there will be 3000 of files
blablabla=42.13312 blablabla
