test=42.12785 test
yeah=42.12786 there will be 3000 of files
blablabla=42.12787 blablabla
