test=42.10433 test
yeah=42.10434 there will be 3000 of files
blablabla=42.10435 blablabla
