test=42.12095 test
yeah=42.12096 there will be 3000 of files
blablabla=42.12097 blablabla
