test=42.11273 test
yeah=42.11274 there will be 3000 of files
blablabla=42.11275 blablabla
