test=42.11516 test
yeah=42.11517 there will be 3000 of files
blablabla=42.11518 blablabla
