test=42.13808 test
yeah=42.13809 there will be 3000 of files
blablabla=42.13810 blablabla
