test=42.12677 test
yeah=42.12678 there will be 3000 of files
blablabla=42.12679 blablabla
