test=42.11090 test
yeah=42.11091 there will be 3000 of files
blablabla=42.11092 blablabla
