test=42.10631 test
yeah=42.10632 there will be 3000 of files
blablabla=42.10633 blablabla
