test=42.13412 test
yeah=42.13413 there will be 3000 of files
blablabla=42.13414 blablabla
