test=42.11633 test
yeah=42.11634 there will be 3000 of files
blablabla=42.11635 blablabla
