test=42.10442 test
yeah=42.10443 there will be 3000 of files
blablabla=42.10444 blablabla
