test=42.10991 test
yeah=42.10992 there will be 3000 of files
blablabla=42.10993 blablabla
