test=42.13775 test
yeah=42.13776 there will be 3000 of files
blablabla=42.13777 blablabla
