test=42.11393 test
yeah=42.11394 there will be 3000 of files
blablabla=42.11395 blablabla
