test=42.13991 test
yeah=42.13992 there will be 3000 of files
blablabla=42.13993 blablabla
