test=42.10673 test
yeah=42.10674 there will be 3000 of files
blablabla=42.10675 blablabla
