test=42.11897 test
yeah=42.11898 there will be 3000 of files
blablabla=42.11899 blablabla
