test=42.12392 test
yeah=42.12393 there will be 3000 of files
blablabla=42.12394 blablabla
