test=42.13646 test
yeah=42.13647 there will be 3000 of files
blablabla=42.13648 blablabla
