test=42.13496 test
yeah=42.13497 there will be 3000 of files
blablabla=42.13498 blablabla
