test=42.11240 test
yeah=42.11241 there will be 3000 of files
blablabla=42.11242 blablabla
