test=42.13805 test
yeah=42.13806 there will be 3000 of files
blablabla=42.13807 blablabla
