test=42.11762 test
yeah=42.11763 there will be 3000 of files
blablabla=42.11764 blablabla
