test=42.10760 test
yeah=42.10761 there will be 3000 of files
blablabla=42.10762 blablabla
