test=42.12500 test
yeah=42.12501 there will be 3000 of files
blablabla=42.12502 blablabla
