test=42.11171 test
yeah=42.11172 there will be 3000 of files
blablabla=42.11173 blablabla
