test=42.10592 test
yeah=42.10593 there will be 3000 of files
blablabla=42.10594 blablabla
