test=42.12236 test
yeah=42.12237 there will be 3000 of files
blablabla=42.12238 blablabla
