test=42.12362 test
yeah=42.12363 there will be 3000 of files
blablabla=42.12364 blablabla
