test=42.14099 test
yeah=42.14100 there will be 3000 of files
blablabla=42.14101 blablabla
