test=42.11861 test
yeah=42.11862 there will be 3000 of files
blablabla=42.11863 blablabla
