test=42.10688 test
yeah=42.10689 there will be 3000 of files
blablabla=42.10690 blablabla
