test=42.13091 test
yeah=42.13092 there will be 3000 of files
blablabla=42.13093 blablabla
