test=42.10499 test
yeah=42.10500 there will be 3000 of files
blablabla=42.10501 blablabla
