test=42.12557 test
yeah=42.12558 there will be 3000 of files
blablabla=42.12559 blablabla
