test=42.11936 test
yeah=42.11937 there will be 3000 of files
blablabla=42.11938 blablabla
