test=42.10694 test
yeah=42.10695 there will be 3000 of files
blablabla=42.10696 blablabla
