test=42.13658 test
yeah=42.13659 there will be 3000 of files
blablabla=42.13660 blablabla
