test=42.13634 test
yeah=42.13635 there will be 3000 of files
blablabla=42.13636 blablabla
