test=42.10925 test
yeah=42.10926 there will be 3000 of files
blablabla=42.10927 blablabla
