test=42.11453 test
yeah=42.11454 there will be 3000 of files
blablabla=42.11455 blablabla
