test=42.14414 test
yeah=42.14415 there will be 3000 of files
blablabla=42.14416 blablabla
