test=42.11114 test
yeah=42.11115 there will be 3000 of files
blablabla=42.11116 blablabla
