test=42.14189 test
yeah=42.14190 there will be 3000 of files
blablabla=42.14191 blablabla
