test=42.11315 test
yeah=42.11316 there will be 3000 of files
blablabla=42.11317 blablabla
