test=42.13286 test
yeah=42.13287 there will be 3000 of files
blablabla=42.13288 blablabla
