test=42.13274 test
yeah=42.13275 there will be 3000 of files
blablabla=42.13276 blablabla
