test=42.12146 test
yeah=42.12147 there will be 3000 of files
blablabla=42.12148 blablabla
