test=42.12932 test
yeah=42.12933 there will be 3000 of files
blablabla=42.12934 blablabla
