test=42.12536 test
yeah=42.12537 there will be 3000 of files
blablabla=42.12538 blablabla
