test=42.11594 test
yeah=42.11595 there will be 3000 of files
blablabla=42.11596 blablabla
