test=42.13073 test
yeah=42.13074 there will be 3000 of files
blablabla=42.13075 blablabla
