test=42.13892 test
yeah=42.13893 there will be 3000 of files
blablabla=42.13894 blablabla
