test=42.13952 test
yeah=42.13953 there will be 3000 of files
blablabla=42.13954 blablabla
