test=42.12554 test
yeah=42.12555 there will be 3000 of files
blablabla=42.12556 blablabla
