test=42.14315 test
yeah=42.14316 there will be 3000 of files
blablabla=42.14317 blablabla
