test=42.12017 test
yeah=42.12018 there will be 3000 of files
blablabla=42.12019 blablabla
