test=42.10985 test
yeah=42.10986 there will be 3000 of files
blablabla=42.10987 blablabla
