test=42.14540 test
yeah=42.14541 there will be 3000 of files
blablabla=42.14542 blablabla
