test=42.14333 test
yeah=42.14334 there will be 3000 of files
blablabla=42.14335 blablabla
