test=42.11837 test
yeah=42.11838 there will be 3000 of files
blablabla=42.11839 blablabla
