test=42.11417 test
yeah=42.11418 there will be 3000 of files
blablabla=42.11419 blablabla
