test=42.12833 test
yeah=42.12834 there will be 3000 of files
blablabla=42.12835 blablabla
