test=42.11486 test
yeah=42.11487 there will be 3000 of files
blablabla=42.11488 blablabla
