test=42.11696 test
yeah=42.11697 there will be 3000 of files
blablabla=42.11698 blablabla
