test=42.12725 test
yeah=42.12726 there will be 3000 of files
blablabla=42.12727 blablabla
