test=42.13946 test
yeah=42.13947 there will be 3000 of files
blablabla=42.13948 blablabla
