test=42.10625 test
yeah=42.10626 there will be 3000 of files
blablabla=42.10627 blablabla
