test=42.14117 test
yeah=42.14118 there will be 3000 of files
blablabla=42.14119 blablabla
