test=42.14480 test
yeah=42.14481 there will be 3000 of files
blablabla=42.14482 blablabla
