test=42.11648 test
yeah=42.11649 there will be 3000 of files
blablabla=42.11650 blablabla
