test=42.10955 test
yeah=42.10956 there will be 3000 of files
blablabla=42.10957 blablabla
