test=42.11687 test
yeah=42.11688 there will be 3000 of files
blablabla=42.11689 blablabla
