test=42.12383 test
yeah=42.12384 there will be 3000 of files
blablabla=42.12385 blablabla
