test=42.10616 test
yeah=42.10617 there will be 3000 of files
blablabla=42.10618 blablabla
