test=42.14294 test
yeah=42.14295 there will be 3000 of files
blablabla=42.14296 blablabla
