test=42.12497 test
yeah=42.12498 there will be 3000 of files
blablabla=42.12499 blablabla
