test=42.12446 test
yeah=42.12447 there will be 3000 of files
blablabla=42.12448 blablabla
