test=42.12143 test
yeah=42.12144 there will be 3000 of files
blablabla=42.12145 blablabla
