test=42.13196 test
yeah=42.13197 there will be 3000 of files
blablabla=42.13198 blablabla
