test=42.11816 test
yeah=42.11817 there will be 3000 of files
blablabla=42.11818 blablabla
