test=42.12515 test
yeah=42.12516 there will be 3000 of files
blablabla=42.12517 blablabla
