test=42.10898 test
yeah=42.10899 there will be 3000 of files
blablabla=42.10900 blablabla
