test=42.12665 test
yeah=42.12666 there will be 3000 of files
blablabla=42.12667 blablabla
