test=42.12539 test
yeah=42.12540 there will be 3000 of files
blablabla=42.12541 blablabla
