test=42.10163 test
yeah=42.10164 there will be 3000 of files
blablabla=42.10165 blablabla
