test=42.13112 test
yeah=42.13113 there will be 3000 of files
blablabla=42.13114 blablabla
