test=42.13106 test
yeah=42.13107 there will be 3000 of files
blablabla=42.13108 blablabla
