test=42.13055 test
yeah=42.13056 there will be 3000 of files
blablabla=42.13057 blablabla
