test=42.12728 test
yeah=42.12729 there will be 3000 of files
blablabla=42.12730 blablabla
