test=42.11702 test
yeah=42.11703 there will be 3000 of files
blablabla=42.11704 blablabla
