test=42.10280 test
yeah=42.10281 there will be 3000 of files
blablabla=42.10282 blablabla
