test=42.10004 test
yeah=42.10005 there will be 3000 of files
blablabla=42.10006 blablabla
