test=42.10154 test
yeah=42.10155 there will be 3000 of files
blablabla=42.10156 blablabla
