test=42.10430 test
yeah=42.10431 there will be 3000 of files
blablabla=42.10432 blablabla
