test=42.11606 test
yeah=42.11607 there will be 3000 of files
blablabla=42.11608 blablabla
