test=42.10253 test
yeah=42.10254 there will be 3000 of files
blablabla=42.10255 blablabla
