test=42.13850 test
yeah=42.13851 there will be 3000 of files
blablabla=42.13852 blablabla
