test=42.12134 test
yeah=42.12135 there will be 3000 of files
blablabla=42.12136 blablabla
