test=42.10958 test
yeah=42.10959 there will be 3000 of files
blablabla=42.10960 blablabla
