test=42.10340 test
yeah=42.10341 there will be 3000 of files
blablabla=42.10342 blablabla
