test=42.12005 test
yeah=42.12006 there will be 3000 of files
blablabla=42.12007 blablabla
