test=42.11420 test
yeah=42.11421 there will be 3000 of files
blablabla=42.11422 blablabla
