test=42.10556 test
yeah=42.10557 there will be 3000 of files
blablabla=42.10558 blablabla
