test=42.12563 test
yeah=42.12564 there will be 3000 of files
blablabla=42.12565 blablabla
