test=42.13583 test
yeah=42.13584 there will be 3000 of files
blablabla=42.13585 blablabla
