test=42.11174 test
yeah=42.11175 there will be 3000 of files
blablabla=42.11176 blablabla
