test=42.14204 test
yeah=42.14205 there will be 3000 of files
blablabla=42.14206 blablabla
