test=42.11726 test
yeah=42.11727 there will be 3000 of files
blablabla=42.11728 blablabla
