test=42.11375 test
yeah=42.11376 there will be 3000 of files
blablabla=42.11377 blablabla
