test=42.10337 test
yeah=42.10338 there will be 3000 of files
blablabla=42.10339 blablabla
