test=42.11159 test
yeah=42.11160 there will be 3000 of files
blablabla=42.11161 blablabla
