test=42.10880 test
yeah=42.10881 there will be 3000 of files
blablabla=42.10882 blablabla
