test=42.12503 test
yeah=42.12504 there will be 3000 of files
blablabla=42.12505 blablabla
