test=42.10007 test
yeah=42.10008 there will be 3000 of files
blablabla=42.10009 blablabla
