test=42.14435 test
yeah=42.14436 there will be 3000 of files
blablabla=42.14437 blablabla
