test=42.10475 test
yeah=42.10476 there will be 3000 of files
blablabla=42.10477 blablabla
