test=42.11561 test
yeah=42.11562 there will be 3000 of files
blablabla=42.11563 blablabla
