test=42.14525 test
yeah=42.14526 there will be 3000 of files
blablabla=42.14527 blablabla
