test=42.12086 test
yeah=42.12087 there will be 3000 of files
blablabla=42.12088 blablabla
