test=42.11030 test
yeah=42.11031 there will be 3000 of files
blablabla=42.11032 blablabla
