test=42.14033 test
yeah=42.14034 there will be 3000 of files
blablabla=42.14035 blablabla
