test=42.11603 test
yeah=42.11604 there will be 3000 of files
blablabla=42.11605 blablabla
