test=42.12893 test
yeah=42.12894 there will be 3000 of files
blablabla=42.12895 blablabla
