test=42.10067 test
yeah=42.10068 there will be 3000 of files
blablabla=42.10069 blablabla
