test=42.10250 test
yeah=42.10251 there will be 3000 of files
blablabla=42.10252 blablabla
