test=42.12542 test
yeah=42.12543 there will be 3000 of files
blablabla=42.12544 blablabla
