test=42.11018 test
yeah=42.11019 there will be 3000 of files
blablabla=42.11020 blablabla
