test=42.11261 test
yeah=42.11262 there will be 3000 of files
blablabla=42.11263 blablabla
