test=42.11372 test
yeah=42.11373 there will be 3000 of files
blablabla=42.11374 blablabla
