test=42.13184 test
yeah=42.13185 there will be 3000 of files
blablabla=42.13186 blablabla
