test=42.13541 test
yeah=42.13542 there will be 3000 of files
blablabla=42.13543 blablabla
