test=42.13739 test
yeah=42.13740 there will be 3000 of files
blablabla=42.13741 blablabla
