test=42.10127 test
yeah=42.10128 there will be 3000 of files
blablabla=42.10129 blablabla
