test=42.13067 test
yeah=42.13068 there will be 3000 of files
blablabla=42.13069 blablabla
