test=42.13436 test
yeah=42.13437 there will be 3000 of files
blablabla=42.13438 blablabla
