test=42.14522 test
yeah=42.14523 there will be 3000 of files
blablabla=42.14524 blablabla
