test=42.10916 test
yeah=42.10917 there will be 3000 of files
blablabla=42.10918 blablabla
