test=42.11357 test
yeah=42.11358 there will be 3000 of files
blablabla=42.11359 blablabla
