test=42.12410 test
yeah=42.12411 there will be 3000 of files
blablabla=42.12412 blablabla
