test=42.10610 test
yeah=42.10611 there will be 3000 of files
blablabla=42.10612 blablabla
