test=42.10325 test
yeah=42.10326 there will be 3000 of files
blablabla=42.10327 blablabla
