test=42.13595 test
yeah=42.13596 there will be 3000 of files
blablabla=42.13597 blablabla
