test=42.10772 test
yeah=42.10773 there will be 3000 of files
blablabla=42.10774 blablabla
