test=42.12842 test
yeah=42.12843 there will be 3000 of files
blablabla=42.12844 blablabla
