test=42.11627 test
yeah=42.11628 there will be 3000 of files
blablabla=42.11629 blablabla
