test=42.11207 test
yeah=42.11208 there will be 3000 of files
blablabla=42.11209 blablabla
