test=42.10364 test
yeah=42.10365 there will be 3000 of files
blablabla=42.10366 blablabla
