test=42.10778 test
yeah=42.10779 there will be 3000 of files
blablabla=42.10780 blablabla
