test=42.13616 test
yeah=42.13617 there will be 3000 of files
blablabla=42.13618 blablabla
