test=42.10382 test
yeah=42.10383 there will be 3000 of files
blablabla=42.10384 blablabla
