test=42.10583 test
yeah=42.10584 there will be 3000 of files
blablabla=42.10585 blablabla
