test=42.11069 test
yeah=42.11070 there will be 3000 of files
blablabla=42.11071 blablabla
