test=42.11645 test
yeah=42.11646 there will be 3000 of files
blablabla=42.11647 blablabla
