test=42.13439 test
yeah=42.13440 there will be 3000 of files
blablabla=42.13441 blablabla
