test=42.14261 test
yeah=42.14262 there will be 3000 of files
blablabla=42.14263 blablabla
