test=42.11084 test
yeah=42.11085 there will be 3000 of files
blablabla=42.11086 blablabla
