test=42.12980 test
yeah=42.12981 there will be 3000 of files
blablabla=42.12982 blablabla
