test=42.13316 test
yeah=42.13317 there will be 3000 of files
blablabla=42.13318 blablabla
