test=42.14207 test
yeah=42.14208 there will be 3000 of files
blablabla=42.14209 blablabla
