test=42.12434 test
yeah=42.12435 there will be 3000 of files
blablabla=42.12436 blablabla
