test=42.13001 test
yeah=42.13002 there will be 3000 of files
blablabla=42.13003 blablabla
