test=42.11969 test
yeah=42.11970 there will be 3000 of files
blablabla=42.11971 blablabla
