test=42.12641 test
yeah=42.12642 there will be 3000 of files
blablabla=42.12643 blablabla
