test=42.13070 test
yeah=42.13071 there will be 3000 of files
blablabla=42.13072 blablabla
