test=42.13655 test
yeah=42.13656 there will be 3000 of files
blablabla=42.13657 blablabla
