test=42.11426 test
yeah=42.11427 there will be 3000 of files
blablabla=42.11428 blablabla
