test=42.10139 test
yeah=42.10140 there will be 3000 of files
blablabla=42.10141 blablabla
