test=42.12296 test
yeah=42.12297 there will be 3000 of files
blablabla=42.12298 blablabla
