test=42.11051 test
yeah=42.11052 there will be 3000 of files
blablabla=42.11053 blablabla
