test=42.13463 test
yeah=42.13464 there will be 3000 of files
blablabla=42.13465 blablabla
