test=42.14606 test
yeah=42.14607 there will be 3000 of files
blablabla=42.14608 blablabla
