test=42.14402 test
yeah=42.14403 there will be 3000 of files
blablabla=42.14404 blablabla
