test=42.10307 test
yeah=42.10308 there will be 3000 of files
blablabla=42.10309 blablabla
