test=42.11168 test
yeah=42.11169 there will be 3000 of files
blablabla=42.11170 blablabla
