test=42.13262 test
yeah=42.13263 there will be 3000 of files
blablabla=42.13264 blablabla
