test=42.13427 test
yeah=42.13428 there will be 3000 of files
blablabla=42.13429 blablabla
