test=42.13019 test
yeah=42.13020 there will be 3000 of files
blablabla=42.13021 blablabla
