test=42.11189 test
yeah=42.11190 there will be 3000 of files
blablabla=42.11191 blablabla
