test=42.14234 test
yeah=42.14235 there will be 3000 of files
blablabla=42.14236 blablabla
