test=42.14258 test
yeah=42.14259 there will be 3000 of files
blablabla=42.14260 blablabla
