test=42.11774 test
yeah=42.11775 there will be 3000 of files
blablabla=42.11776 blablabla
