test=42.12227 test
yeah=42.12228 there will be 3000 of files
blablabla=42.12229 blablabla
