test=42.14570 test
yeah=42.14571 there will be 3000 of files
blablabla=42.14572 blablabla
