test=42.12179 test
yeah=42.12180 there will be 3000 of files
blablabla=42.12181 blablabla
