test=42.10946 test
yeah=42.10947 there will be 3000 of files
blablabla=42.10948 blablabla
