test=42.12116 test
yeah=42.12117 there will be 3000 of files
blablabla=42.12118 blablabla
