test=42.14213 test
yeah=42.14214 there will be 3000 of files
blablabla=42.14215 blablabla
