test=42.11990 test
yeah=42.11991 there will be 3000 of files
blablabla=42.11992 blablabla
