test=42.10793 test
yeah=42.10794 there will be 3000 of files
blablabla=42.10795 blablabla
