test=42.10445 test
yeah=42.10446 there will be 3000 of files
blablabla=42.10447 blablabla
