test=42.14396 test
yeah=42.14397 there will be 3000 of files
blablabla=42.14398 blablabla
