test=42.10244 test
yeah=42.10245 there will be 3000 of files
blablabla=42.10246 blablabla
