test=42.10109 test
yeah=42.10110 there will be 3000 of files
blablabla=42.10111 blablabla
