test=42.13682 test
yeah=42.13683 there will be 3000 of files
blablabla=42.13684 blablabla
