test=42.13094 test
yeah=42.13095 there will be 3000 of files
blablabla=42.13096 blablabla
