test=42.14618 test
yeah=42.14619 there will be 3000 of files
blablabla=42.14620 blablabla
