test=42.12596 test
yeah=42.12597 there will be 3000 of files
blablabla=42.12598 blablabla
