test=42.10025 test
yeah=42.10026 there will be 3000 of files
blablabla=42.10027 blablabla
