test=42.12185 test
yeah=42.12186 there will be 3000 of files
blablabla=42.12187 blablabla
