test=42.12863 test
yeah=42.12864 there will be 3000 of files
blablabla=42.12865 blablabla
