test=42.13901 test
yeah=42.13902 there will be 3000 of files
blablabla=42.13903 blablabla
