test=42.10700 test
yeah=42.10701 there will be 3000 of files
blablabla=42.10702 blablabla
