test=42.10385 test
yeah=42.10386 there will be 3000 of files
blablabla=42.10387 blablabla
