test=42.11072 test
yeah=42.11073 there will be 3000 of files
blablabla=42.11074 blablabla
