test=42.10094 test
yeah=42.10095 there will be 3000 of files
blablabla=42.10096 blablabla
