test=42.12113 test
yeah=42.12114 there will be 3000 of files
blablabla=42.12115 blablabla
