test=42.11384 test
yeah=42.11385 there will be 3000 of files
blablabla=42.11386 blablabla
