test=42.10541 test
yeah=42.10542 there will be 3000 of files
blablabla=42.10543 blablabla
