test=42.14597 test
yeah=42.14598 there will be 3000 of files
blablabla=42.14599 blablabla
