test=42.13205 test
yeah=42.13206 there will be 3000 of files
blablabla=42.13207 blablabla
