test=42.11849 test
yeah=42.11850 there will be 3000 of files
blablabla=42.11851 blablabla
