test=42.10607 test
yeah=42.10608 there will be 3000 of files
blablabla=42.10609 blablabla
