test=42.12044 test
yeah=42.12045 there will be 3000 of files
blablabla=42.12046 blablabla
