test=42.12938 test
yeah=42.12939 there will be 3000 of files
blablabla=42.12940 blablabla
