test=42.14624 test
yeah=42.14625 there will be 3000 of files
blablabla=42.14626 blablabla
