test=42.12812 test
yeah=42.12813 there will be 3000 of files
blablabla=42.12814 blablabla
