test=42.11468 test
yeah=42.11469 there will be 3000 of files
blablabla=42.11470 blablabla
