test=42.10892 test
yeah=42.10893 there will be 3000 of files
blablabla=42.10894 blablabla
