test=42.10121 test
yeah=42.10122 there will be 3000 of files
blablabla=42.10123 blablabla
