test=42.10379 test
yeah=42.10380 there will be 3000 of files
blablabla=42.10381 blablabla
