test=42.13469 test
yeah=42.13470 there will be 3000 of files
blablabla=42.13471 blablabla
