test=42.14366 test
yeah=42.14367 there will be 3000 of files
blablabla=42.14368 blablabla
