test=42.10697 test
yeah=42.10698 there will be 3000 of files
blablabla=42.10699 blablabla
