test=42.13757 test
yeah=42.13758 there will be 3000 of files
blablabla=42.13759 blablabla
