test=42.12167 test
yeah=42.12168 there will be 3000 of files
blablabla=42.12169 blablabla
