test=42.11246 test
yeah=42.11247 there will be 3000 of files
blablabla=42.11248 blablabla
