test=42.11693 test
yeah=42.11694 there will be 3000 of files
blablabla=42.11695 blablabla
