test=42.14198 test
yeah=42.14199 there will be 3000 of files
blablabla=42.14200 blablabla
