test=42.13790 test
yeah=42.13791 there will be 3000 of files
blablabla=42.13792 blablabla
