test=42.10229 test
yeah=42.10230 there will be 3000 of files
blablabla=42.10231 blablabla
