test=42.11759 test
yeah=42.11760 there will be 3000 of files
blablabla=42.11761 blablabla
