test=42.14243 test
yeah=42.14244 there will be 3000 of files
blablabla=42.14245 blablabla
