test=42.10226 test
yeah=42.10227 there will be 3000 of files
blablabla=42.10228 blablabla
