test=42.10973 test
yeah=42.10974 there will be 3000 of files
blablabla=42.10975 blablabla
