test=42.12026 test
yeah=42.12027 there will be 3000 of files
blablabla=42.12028 blablabla
