test=42.12584 test
yeah=42.12585 there will be 3000 of files
blablabla=42.12586 blablabla
