test=42.13829 test
yeah=42.13830 there will be 3000 of files
blablabla=42.13831 blablabla
