test=42.12419 test
yeah=42.12420 there will be 3000 of files
blablabla=42.12421 blablabla
