test=42.10934 test
yeah=42.10935 there will be 3000 of files
blablabla=42.10936 blablabla
