test=42.12623 test
yeah=42.12624 there will be 3000 of files
blablabla=42.12625 blablabla
