test=42.14588 test
yeah=42.14589 there will be 3000 of files
blablabla=42.14590 blablabla
