test=42.10952 test
yeah=42.10953 there will be 3000 of files
blablabla=42.10954 blablabla
