test=42.12713 test
yeah=42.12714 there will be 3000 of files
blablabla=42.12715 blablabla
