test=42.14582 test
yeah=42.14583 there will be 3000 of files
blablabla=42.14584 blablabla
