test=42.14462 test
yeah=42.14463 there will be 3000 of files
blablabla=42.14464 blablabla
