test=42.13841 test
yeah=42.13842 there will be 3000 of files
blablabla=42.13843 blablabla
