test=42.11342 test
yeah=42.11343 there will be 3000 of files
blablabla=42.11344 blablabla
