test=42.12836 test
yeah=42.12837 there will be 3000 of files
blablabla=42.12838 blablabla
