test=42.10496 test
yeah=42.10497 there will be 3000 of files
blablabla=42.10498 blablabla
