test=42.11054 test
yeah=42.11055 there will be 3000 of files
blablabla=42.11056 blablabla
