test=42.11489 test
yeah=42.11490 there will be 3000 of files
blablabla=42.11491 blablabla
