test=42.14336 test
yeah=42.14337 there will be 3000 of files
blablabla=42.14338 blablabla
