test=42.12551 test
yeah=42.12552 there will be 3000 of files
blablabla=42.12553 blablabla
