test=42.13157 test
yeah=42.13158 there will be 3000 of files
blablabla=42.13159 blablabla
