test=42.12878 test
yeah=42.12879 there will be 3000 of files
blablabla=42.12880 blablabla
