test=42.10316 test
yeah=42.10317 there will be 3000 of files
blablabla=42.10318 blablabla
