test=42.10895 test
yeah=42.10896 there will be 3000 of files
blablabla=42.10897 blablabla
