test=42.11873 test
yeah=42.11874 there will be 3000 of files
blablabla=42.11875 blablabla
