test=42.12020 test
yeah=42.12021 there will be 3000 of files
blablabla=42.12022 blablabla
