test=42.10373 test
yeah=42.10374 there will be 3000 of files
blablabla=42.10375 blablabla
