test=42.12935 test
yeah=42.12936 there will be 3000 of files
blablabla=42.12937 blablabla
