test=42.13859 test
yeah=42.13860 there will be 3000 of files
blablabla=42.13861 blablabla
