test=42.11456 test
yeah=42.11457 there will be 3000 of files
blablabla=42.11458 blablabla
