test=42.13493 test
yeah=42.13494 there will be 3000 of files
blablabla=42.13495 blablabla
