test=42.14180 test
yeah=42.14181 there will be 3000 of files
blablabla=42.14182 blablabla
