test=42.10550 test
yeah=42.10551 there will be 3000 of files
blablabla=42.10552 blablabla
