test=42.10994 test
yeah=42.10995 there will be 3000 of files
blablabla=42.10996 blablabla
