test=42.14393 test
yeah=42.14394 there will be 3000 of files
blablabla=42.14395 blablabla
