test=42.13085 test
yeah=42.13086 there will be 3000 of files
blablabla=42.13087 blablabla
