test=42.13652 test
yeah=42.13653 there will be 3000 of files
blablabla=42.13654 blablabla
