test=42.14441 test
yeah=42.14442 there will be 3000 of files
blablabla=42.14443 blablabla
