test=42.10292 test
yeah=42.10293 there will be 3000 of files
blablabla=42.10294 blablabla
