test=42.11591 test
yeah=42.11592 there will be 3000 of files
blablabla=42.11593 blablabla
