test=42.14426 test
yeah=42.14427 there will be 3000 of files
blablabla=42.14428 blablabla
