test=42.11741 test
yeah=42.11742 there will be 3000 of files
blablabla=42.11743 blablabla
