test=42.12248 test
yeah=42.12249 there will be 3000 of files
blablabla=42.12250 blablabla
