test=42.13868 test
yeah=42.13869 there will be 3000 of files
blablabla=42.13870 blablabla
