test=42.13649 test
yeah=42.13650 there will be 3000 of files
blablabla=42.13651 blablabla
