test=42.11528 test
yeah=42.11529 there will be 3000 of files
blablabla=42.11530 blablabla
