test=42.14513 test
yeah=42.14514 there will be 3000 of files
blablabla=42.14515 blablabla
