test=42.10769 test
yeah=42.10770 there will be 3000 of files
blablabla=42.10771 blablabla
