test=42.10886 test
yeah=42.10887 there will be 3000 of files
blablabla=42.10888 blablabla
