test=42.13187 test
yeah=42.13188 there will be 3000 of files
blablabla=42.13189 blablabla
