test=42.10490 test
yeah=42.10491 there will be 3000 of files
blablabla=42.10492 blablabla
