test=42.13904 test
yeah=42.13905 there will be 3000 of files
blablabla=42.13906 blablabla
