test=42.12140 test
yeah=42.12141 there will be 3000 of files
blablabla=42.12142 blablabla
