test=42.10832 test
yeah=42.10833 there will be 3000 of files
blablabla=42.10834 blablabla
