test=42.13457 test
yeah=42.13458 there will be 3000 of files
blablabla=42.13459 blablabla
