test=42.10871 test
yeah=42.10872 there will be 3000 of files
blablabla=42.10873 blablabla
