test=42.13160 test
yeah=42.13161 there will be 3000 of files
blablabla=42.13162 blablabla
