test=42.12173 test
yeah=42.12174 there will be 3000 of files
blablabla=42.12175 blablabla
