test=42.11957 test
yeah=42.11958 there will be 3000 of files
blablabla=42.11959 blablabla
