test=42.13265 test
yeah=42.13266 there will be 3000 of files
blablabla=42.13267 blablabla
