test=42.11579 test
yeah=42.11580 there will be 3000 of files
blablabla=42.11581 blablabla
