test=42.14330 test
yeah=42.14331 there will be 3000 of files
blablabla=42.14332 blablabla
