test=42.11684 test
yeah=42.11685 there will be 3000 of files
blablabla=42.11686 blablabla
