test=42.13340 test
yeah=42.13341 there will be 3000 of files
blablabla=42.13342 blablabla
