test=42.12869 test
yeah=42.12870 there will be 3000 of files
blablabla=42.12871 blablabla
