test=42.11483 test
yeah=42.11484 there will be 3000 of files
blablabla=42.11485 blablabla
