test=42.10301 test
yeah=42.10302 there will be 3000 of files
blablabla=42.10303 blablabla
