test=42.12917 test
yeah=42.12918 there will be 3000 of files
blablabla=42.12919 blablabla
