test=42.11201 test
yeah=42.11202 there will be 3000 of files
blablabla=42.11203 blablabla
