test=42.13673 test
yeah=42.13674 there will be 3000 of files
blablabla=42.13675 blablabla
