test=42.14048 test
yeah=42.14049 there will be 3000 of files
blablabla=42.14050 blablabla
