test=42.12191 test
yeah=42.12192 there will be 3000 of files
blablabla=42.12193 blablabla
