test=42.11564 test
yeah=42.11565 there will be 3000 of files
blablabla=42.11566 blablabla
