test=42.12953 test
yeah=42.12954 there will be 3000 of files
blablabla=42.12955 blablabla
