test=42.10865 test
yeah=42.10866 there will be 3000 of files
blablabla=42.10867 blablabla
