test=42.10523 test
yeah=42.10524 there will be 3000 of files
blablabla=42.10525 blablabla
