test=42.10070 test
yeah=42.10071 there will be 3000 of files
blablabla=42.10072 blablabla
