test=42.13889 test
yeah=42.13890 there will be 3000 of files
blablabla=42.13891 blablabla
