test=42.11288 test
yeah=42.11289 there will be 3000 of files
blablabla=42.11290 blablabla
