test=42.13973 test
yeah=42.13974 there will be 3000 of files
blablabla=42.13975 blablabla
