test=42.11546 test
yeah=42.11547 there will be 3000 of files
blablabla=42.11548 blablabla
