test=42.12650 test
yeah=42.12651 there will be 3000 of files
blablabla=42.12652 blablabla
