test=42.13955 test
yeah=42.13956 there will be 3000 of files
blablabla=42.13957 blablabla
