test=42.13409 test
yeah=42.13410 there will be 3000 of files
blablabla=42.13411 blablabla
