test=42.14459 test
yeah=42.14460 there will be 3000 of files
blablabla=42.14461 blablabla
