test=42.14282 test
yeah=42.14283 there will be 3000 of files
blablabla=42.14284 blablabla
