test=42.13964 test
yeah=42.13965 there will be 3000 of files
blablabla=42.13966 blablabla
