test=42.11798 test
yeah=42.11799 there will be 3000 of files
blablabla=42.11800 blablabla
