test=42.12788 test
yeah=42.12789 there will be 3000 of files
blablabla=42.12790 blablabla
