test=42.11195 test
yeah=42.11196 there will be 3000 of files
blablabla=42.11197 blablabla
