test=42.14168 test
yeah=42.14169 there will be 3000 of files
blablabla=42.14170 blablabla
