test=42.12365 test
yeah=42.12366 there will be 3000 of files
blablabla=42.12367 blablabla
