test=42.13703 test
yeah=42.13704 there will be 3000 of files
blablabla=42.13705 blablabla
