test=42.13874 test
yeah=42.13875 there will be 3000 of files
blablabla=42.13876 blablabla
