test=42.11963 test
yeah=42.11964 there will be 3000 of files
blablabla=42.11965 blablabla
