test=42.11363 test
yeah=42.11364 there will be 3000 of files
blablabla=42.11365 blablabla
