test=42.10391 test
yeah=42.10392 there will be 3000 of files
blablabla=42.10393 blablabla
