test=42.13802 test
yeah=42.13803 there will be 3000 of files
blablabla=42.13804 blablabla
