test=42.11525 test
yeah=42.11526 there will be 3000 of files
blablabla=42.11527 blablabla
