test=42.14228 test
yeah=42.14229 there will be 3000 of files
blablabla=42.14230 blablabla
