test=42.11786 test
yeah=42.11787 there will be 3000 of files
blablabla=42.11788 blablabla
