test=42.10586 test
yeah=42.10587 there will be 3000 of files
blablabla=42.10588 blablabla
