test=42.12074 test
yeah=42.12075 there will be 3000 of files
blablabla=42.12076 blablabla
