test=42.11480 test
yeah=42.11481 there will be 3000 of files
blablabla=42.11482 blablabla
