test=42.12218 test
yeah=42.12219 there will be 3000 of files
blablabla=42.12220 blablabla
