test=42.10943 test
yeah=42.10944 there will be 3000 of files
blablabla=42.10945 blablabla
