test=42.10835 test
yeah=42.10836 there will be 3000 of files
blablabla=42.10837 blablabla
