test=42.13349 test
yeah=42.13350 there will be 3000 of files
blablabla=42.13351 blablabla
