test=42.14222 test
yeah=42.14223 there will be 3000 of files
blablabla=42.14224 blablabla
