test=42.13220 test
yeah=42.13221 there will be 3000 of files
blablabla=42.13222 blablabla
