test=42.14273 test
yeah=42.14274 there will be 3000 of files
blablabla=42.14275 blablabla
