test=42.13082 test
yeah=42.13083 there will be 3000 of files
blablabla=42.13084 blablabla
