test=42.12914 test
yeah=42.12915 there will be 3000 of files
blablabla=42.12916 blablabla
