test=42.14126 test
yeah=42.14127 there will be 3000 of files
blablabla=42.14128 blablabla
