test=42.14069 test
yeah=42.14070 there will be 3000 of files
blablabla=42.14071 blablabla
