test=42.13907 test
yeah=42.13908 there will be 3000 of files
blablabla=42.13909 blablabla
