test=42.10424 test
yeah=42.10425 there will be 3000 of files
blablabla=42.10426 blablabla
