test=42.12338 test
yeah=42.12339 there will be 3000 of files
blablabla=42.12340 blablabla
