test=42.10889 test
yeah=42.10890 there will be 3000 of files
blablabla=42.10891 blablabla
