test=42.10661 test
yeah=42.10662 there will be 3000 of files
blablabla=42.10663 blablabla
