test=42.10361 test
yeah=42.10362 there will be 3000 of files
blablabla=42.10363 blablabla
