test=42.14078 test
yeah=42.14079 there will be 3000 of files
blablabla=42.14080 blablabla
