test=42.13088 test
yeah=42.13089 there will be 3000 of files
blablabla=42.13090 blablabla
