test=42.12152 test
yeah=42.12153 there will be 3000 of files
blablabla=42.12154 blablabla
