test=42.10076 test
yeah=42.10077 there will be 3000 of files
blablabla=42.10078 blablabla
