test=42.12941 test
yeah=42.12942 there will be 3000 of files
blablabla=42.12943 blablabla
