test=42.12671 test
yeah=42.12672 there will be 3000 of files
blablabla=42.12673 blablabla
