test=42.13181 test
yeah=42.13182 there will be 3000 of files
blablabla=42.13183 blablabla
