test=42.14060 test
yeah=42.14061 there will be 3000 of files
blablabla=42.14062 blablabla
