test=42.11279 test
yeah=42.11280 there will be 3000 of files
blablabla=42.11281 blablabla
