test=42.10313 test
yeah=42.10314 there will be 3000 of files
blablabla=42.10315 blablabla
