test=42.11675 test
yeah=42.11676 there will be 3000 of files
blablabla=42.11677 blablabla
