test=42.10667 test
yeah=42.10668 there will be 3000 of files
blablabla=42.10669 blablabla
