test=42.10931 test
yeah=42.10932 there will be 3000 of files
blablabla=42.10933 blablabla
