test=42.12389 test
yeah=42.12390 there will be 3000 of files
blablabla=42.12391 blablabla
