test=42.13547 test
yeah=42.13548 there will be 3000 of files
blablabla=42.13549 blablabla
