test=42.13139 test
yeah=42.13140 there will be 3000 of files
blablabla=42.13141 blablabla
