test=42.13079 test
yeah=42.13080 there will be 3000 of files
blablabla=42.13081 blablabla
