test=42.13268 test
yeah=42.13269 there will be 3000 of files
blablabla=42.13270 blablabla
