test=42.13118 test
yeah=42.13119 there will be 3000 of files
blablabla=42.13120 blablabla
