test=42.11792 test
yeah=42.11793 there will be 3000 of files
blablabla=42.11794 blablabla
