test=42.10676 test
yeah=42.10677 there will be 3000 of files
blablabla=42.10678 blablabla
