test=42.10016 test
yeah=42.10017 there will be 3000 of files
blablabla=42.10018 blablabla
