test=42.12494 test
yeah=42.12495 there will be 3000 of files
blablabla=42.12496 blablabla
