test=42.12755 test
yeah=42.12756 there will be 3000 of files
blablabla=42.12757 blablabla
