test=42.10502 test
yeah=42.10503 there will be 3000 of files
blablabla=42.10504 blablabla
