test=42.11099 test
yeah=42.11100 there will be 3000 of files
blablabla=42.11101 blablabla
