test=42.10001 test
yeah=42.10002 there will be 3000 of files
blablabla=42.10003 blablabla
