test=42.10670 test
yeah=42.10671 there will be 3000 of files
blablabla=42.10672 blablabla
