test=42.10859 test
yeah=42.10860 there will be 3000 of files
blablabla=42.10861 blablabla
