test=42.11879 test
yeah=42.11880 there will be 3000 of files
blablabla=42.11881 blablabla
