test=42.10304 test
yeah=42.10305 there will be 3000 of files
blablabla=42.10306 blablabla
