test=42.14378 test
yeah=42.14379 there will be 3000 of files
blablabla=42.14380 blablabla
