test=42.13826 test
yeah=42.13827 there will be 3000 of files
blablabla=42.13828 blablabla
