test=42.14162 test
yeah=42.14163 there will be 3000 of files
blablabla=42.14164 blablabla
