test=42.11864 test
yeah=42.11865 there will be 3000 of files
blablabla=42.11866 blablabla
