test=42.13481 test
yeah=42.13482 there will be 3000 of files
blablabla=42.13483 blablabla
