test=42.10520 test
yeah=42.10521 there will be 3000 of files
blablabla=42.10522 blablabla
