test=42.11249 test
yeah=42.11250 there will be 3000 of files
blablabla=42.11251 blablabla
