test=42.12287 test
yeah=42.12288 there will be 3000 of files
blablabla=42.12289 blablabla
