test=42.11609 test
yeah=42.11610 there will be 3000 of files
blablabla=42.11611 blablabla
