test=42.10640 test
yeah=42.10641 there will be 3000 of files
blablabla=42.10642 blablabla
