test=42.13445 test
yeah=42.13446 there will be 3000 of files
blablabla=42.13447 blablabla
