test=42.11351 test
yeah=42.11352 there will be 3000 of files
blablabla=42.11353 blablabla
