test=42.13307 test
yeah=42.13308 there will be 3000 of files
blablabla=42.13309 blablabla
