test=42.13553 test
yeah=42.13554 there will be 3000 of files
blablabla=42.13555 blablabla
