test=42.14534 test
yeah=42.14535 there will be 3000 of files
blablabla=42.14536 blablabla
