test=42.14627 test
yeah=42.14628 there will be 3000 of files
blablabla=42.14629 blablabla
