test=42.10613 test
yeah=42.10614 there will be 3000 of files
blablabla=42.10615 blablabla
