test=42.12521 test
yeah=42.12522 there will be 3000 of files
blablabla=42.12523 blablabla
