test=42.10691 test
yeah=42.10692 there will be 3000 of files
blablabla=42.10693 blablabla
