test=42.13934 test
yeah=42.13935 there will be 3000 of files
blablabla=42.13936 blablabla
