test=42.11132 test
yeah=42.11133 there will be 3000 of files
blablabla=42.11134 blablabla
