test=42.14006 test
yeah=42.14007 there will be 3000 of files
blablabla=42.14008 blablabla
