test=42.14084 test
yeah=42.14085 there will be 3000 of files
blablabla=42.14086 blablabla
