test=42.14660 test
yeah=42.14661 there will be 3000 of files
blablabla=42.14662 blablabla
