test=42.10166 test
yeah=42.10167 there will be 3000 of files
blablabla=42.10168 blablabla
