test=42.11621 test
yeah=42.11622 there will be 3000 of files
blablabla=42.11623 blablabla
