test=42.10604 test
yeah=42.10605 there will be 3000 of files
blablabla=42.10606 blablabla
