test=42.14051 test
yeah=42.14052 there will be 3000 of files
blablabla=42.14053 blablabla
