test=42.11888 test
yeah=42.11889 there will be 3000 of files
blablabla=42.11890 blablabla
