test=42.10937 test
yeah=42.10938 there will be 3000 of files
blablabla=42.10939 blablabla
