test=42.12278 test
yeah=42.12279 there will be 3000 of files
blablabla=42.12280 blablabla
