test=42.12566 test
yeah=42.12567 there will be 3000 of files
blablabla=42.12568 blablabla
