test=42.12263 test
yeah=42.12264 there will be 3000 of files
blablabla=42.12265 blablabla
