test=42.13364 test
yeah=42.13365 there will be 3000 of files
blablabla=42.13366 blablabla
