test=42.12305 test
yeah=42.12306 there will be 3000 of files
blablabla=42.12307 blablabla
