test=42.11678 test
yeah=42.11679 there will be 3000 of files
blablabla=42.11680 blablabla
