test=42.13283 test
yeah=42.13284 there will be 3000 of files
blablabla=42.13285 blablabla
