test=42.10856 test
yeah=42.10857 there will be 3000 of files
blablabla=42.10858 blablabla
