test=42.11933 test
yeah=42.11934 there will be 3000 of files
blablabla=42.11935 blablabla
