test=42.10526 test
yeah=42.10527 there will be 3000 of files
blablabla=42.10528 blablabla
