test=42.12197 test
yeah=42.12198 there will be 3000 of files
blablabla=42.12199 blablabla
