test=42.13985 test
yeah=42.13986 there will be 3000 of files
blablabla=42.13987 blablabla
