test=42.12758 test
yeah=42.12759 there will be 3000 of files
blablabla=42.12760 blablabla
