test=42.10184 test
yeah=42.10185 there will be 3000 of files
blablabla=42.10186 blablabla
