test=42.14159 test
yeah=42.14160 there will be 3000 of files
blablabla=42.14161 blablabla
