test=42.10967 test
yeah=42.10968 there will be 3000 of files
blablabla=42.10969 blablabla
