test=42.14381 test
yeah=42.14382 there will be 3000 of files
blablabla=42.14383 blablabla
