test=42.13346 test
yeah=42.13347 there will be 3000 of files
blablabla=42.13348 blablabla
