test=42.14129 test
yeah=42.14130 there will be 3000 of files
blablabla=42.14131 blablabla
