test=42.10841 test
yeah=42.10842 there will be 3000 of files
blablabla=42.10843 blablabla
