test=42.12884 test
yeah=42.12885 there will be 3000 of files
blablabla=42.12886 blablabla
