test=42.12125 test
yeah=42.12126 there will be 3000 of files
blablabla=42.12127 blablabla
