test=42.10193 test
yeah=42.10194 there will be 3000 of files
blablabla=42.10195 blablabla
