test=42.13625 test
yeah=42.13626 there will be 3000 of files
blablabla=42.13627 blablabla
