test=42.14546 test
yeah=42.14547 there will be 3000 of files
blablabla=42.14548 blablabla
