test=42.11948 test
yeah=42.11949 there will be 3000 of files
blablabla=42.11950 blablabla
