test=42.14447 test
yeah=42.14448 there will be 3000 of files
blablabla=42.14449 blablabla
