test=42.11225 test
yeah=42.11226 there will be 3000 of files
blablabla=42.11227 blablabla
