test=42.14369 test
yeah=42.14370 there will be 3000 of files
blablabla=42.14371 blablabla
