test=42.13838 test
yeah=42.13839 there will be 3000 of files
blablabla=42.13840 blablabla
