test=42.13010 test
yeah=42.13011 there will be 3000 of files
blablabla=42.13012 blablabla
