test=42.12701 test
yeah=42.12702 there will be 3000 of files
blablabla=42.12703 blablabla
