test=42.11768 test
yeah=42.11769 there will be 3000 of files
blablabla=42.11770 blablabla
