test=42.14072 test
yeah=42.14073 there will be 3000 of files
blablabla=42.14074 blablabla
