test=42.11078 test
yeah=42.11079 there will be 3000 of files
blablabla=42.11080 blablabla
