test=42.11387 test
yeah=42.11388 there will be 3000 of files
blablabla=42.11389 blablabla
