test=42.12155 test
yeah=42.12156 there will be 3000 of files
blablabla=42.12157 blablabla
