test=42.10727 test
yeah=42.10728 there will be 3000 of files
blablabla=42.10729 blablabla
