test=42.10988 test
yeah=42.10989 there will be 3000 of files
blablabla=42.10990 blablabla
