test=42.12182 test
yeah=42.12183 there will be 3000 of files
blablabla=42.12184 blablabla
