test=42.14609 test
yeah=42.14610 there will be 3000 of files
blablabla=42.14611 blablabla
