test=42.13193 test
yeah=42.13194 there will be 3000 of files
blablabla=42.13195 blablabla
