test=42.10787 test
yeah=42.10788 there will be 3000 of files
blablabla=42.10789 blablabla
