test=42.10151 test
yeah=42.10152 there will be 3000 of files
blablabla=42.10153 blablabla
