test=42.12881 test
yeah=42.12882 there will be 3000 of files
blablabla=42.12883 blablabla
