test=42.13292 test
yeah=42.13293 there will be 3000 of files
blablabla=42.13294 blablabla
