test=42.13685 test
yeah=42.13686 there will be 3000 of files
blablabla=42.13687 blablabla
