test=42.13256 test
yeah=42.13257 there will be 3000 of files
blablabla=42.13258 blablabla
