test=42.10748 test
yeah=42.10749 there will be 3000 of files
blablabla=42.10750 blablabla
