test=42.12656 test
yeah=42.12657 there will be 3000 of files
blablabla=42.12658 blablabla
