test=42.10061 test
yeah=42.10062 there will be 3000 of files
blablabla=42.10063 blablabla
