test=42.12704 test
yeah=42.12705 there will be 3000 of files
blablabla=42.12706 blablabla
