test=42.13712 test
yeah=42.13713 there will be 3000 of files
blablabla=42.13714 blablabla
