test=42.13919 test
yeah=42.13920 there will be 3000 of files
blablabla=42.13921 blablabla
