test=42.10913 test
yeah=42.10914 there will be 3000 of files
blablabla=42.10915 blablabla
