test=42.11450 test
yeah=42.11451 there will be 3000 of files
blablabla=42.11452 blablabla
