test=42.12320 test
yeah=42.12321 there will be 3000 of files
blablabla=42.12322 blablabla
