test=42.10970 test
yeah=42.10971 there will be 3000 of files
blablabla=42.10972 blablabla
