test=42.11009 test
yeah=42.11010 there will be 3000 of files
blablabla=42.11011 blablabla
