test=42.10907 test
yeah=42.10908 there will be 3000 of files
blablabla=42.10909 blablabla
