test=42.12803 test
yeah=42.12804 there will be 3000 of files
blablabla=42.12805 blablabla
