test=42.13619 test
yeah=42.13620 there will be 3000 of files
blablabla=42.13621 blablabla
