test=42.13319 test
yeah=42.13320 there will be 3000 of files
blablabla=42.13321 blablabla
