test=42.11120 test
yeah=42.11121 there will be 3000 of files
blablabla=42.11122 blablabla
