test=42.11597 test
yeah=42.11598 there will be 3000 of files
blablabla=42.11599 blablabla
