test=42.13313 test
yeah=42.13314 there will be 3000 of files
blablabla=42.13315 blablabla
