test=42.13979 test
yeah=42.13980 there will be 3000 of files
blablabla=42.13981 blablabla
