test=42.12200 test
yeah=42.12201 there will be 3000 of files
blablabla=42.12202 blablabla
