test=42.10844 test
yeah=42.10845 there will be 3000 of files
blablabla=42.10846 blablabla
