test=42.11429 test
yeah=42.11430 there will be 3000 of files
blablabla=42.11431 blablabla
