test=42.14633 test
yeah=42.14634 there will be 3000 of files
blablabla=42.14635 blablabla
