test=42.10148 test
yeah=42.10149 there will be 3000 of files
blablabla=42.10150 blablabla
