test=42.13832 test
yeah=42.13833 there will be 3000 of files
blablabla=42.13834 blablabla
