test=42.12188 test
yeah=42.12189 there will be 3000 of files
blablabla=42.12190 blablabla
