test=42.10097 test
yeah=42.10098 there will be 3000 of files
blablabla=42.10099 blablabla
