test=42.11198 test
yeah=42.11199 there will be 3000 of files
blablabla=42.11200 blablabla
