test=42.13289 test
yeah=42.13290 there will be 3000 of files
blablabla=42.13291 blablabla
