test=42.13475 test
yeah=42.13476 there will be 3000 of files
blablabla=42.13477 blablabla
