test=42.11690 test
yeah=42.11691 there will be 3000 of files
blablabla=42.11692 blablabla
