test=42.11462 test
yeah=42.11463 there will be 3000 of files
blablabla=42.11464 blablabla
