test=42.12371 test
yeah=42.12372 there will be 3000 of files
blablabla=42.12373 blablabla
