test=42.11924 test
yeah=42.11925 there will be 3000 of files
blablabla=42.11926 blablabla
