test=42.11573 test
yeah=42.11574 there will be 3000 of files
blablabla=42.11575 blablabla
