test=42.12743 test
yeah=42.12744 there will be 3000 of files
blablabla=42.12745 blablabla
