test=42.11651 test
yeah=42.11652 there will be 3000 of files
blablabla=42.11653 blablabla
