test=42.14510 test
yeah=42.14511 there will be 3000 of files
blablabla=42.14512 blablabla
