test=42.14543 test
yeah=42.14544 there will be 3000 of files
blablabla=42.14545 blablabla
