test=42.11570 test
yeah=42.11571 there will be 3000 of files
blablabla=42.11572 blablabla
