test=42.13214 test
yeah=42.13215 there will be 3000 of files
blablabla=42.13216 blablabla
