test=42.13322 test
yeah=42.13323 there will be 3000 of files
blablabla=42.13324 blablabla
