test=42.14423 test
yeah=42.14424 there will be 3000 of files
blablabla=42.14425 blablabla
