test=42.10481 test
yeah=42.10482 there will be 3000 of files
blablabla=42.10483 blablabla
