test=42.12974 test
yeah=42.12975 there will be 3000 of files
blablabla=42.12976 blablabla
