test=42.12821 test
yeah=42.12822 there will be 3000 of files
blablabla=42.12823 blablabla
