test=42.10460 test
yeah=42.10461 there will be 3000 of files
blablabla=42.10462 blablabla
