test=42.10454 test
yeah=42.10455 there will be 3000 of files
blablabla=42.10456 blablabla
