test=42.11666 test
yeah=42.11667 there will be 3000 of files
blablabla=42.11668 blablabla
