test=42.13691 test
yeah=42.13692 there will be 3000 of files
blablabla=42.13693 blablabla
