test=42.13154 test
yeah=42.13155 there will be 3000 of files
blablabla=42.13156 blablabla
