test=42.13397 test
yeah=42.13398 there will be 3000 of files
blablabla=42.13399 blablabla
