test=42.10169 test
yeah=42.10170 there will be 3000 of files
blablabla=42.10171 blablabla
