test=42.10205 test
yeah=42.10206 there will be 3000 of files
blablabla=42.10207 blablabla
