test=42.13970 test
yeah=42.13971 there will be 3000 of files
blablabla=42.13972 blablabla
