test=42.13013 test
yeah=42.13014 there will be 3000 of files
blablabla=42.13015 blablabla
