test=42.11540 test
yeah=42.11541 there will be 3000 of files
blablabla=42.11542 blablabla
