test=42.12032 test
yeah=42.12033 there will be 3000 of files
blablabla=42.12034 blablabla
