test=42.14183 test
yeah=42.14184 there will be 3000 of files
blablabla=42.14185 blablabla
