test=42.12506 test
yeah=42.12507 there will be 3000 of files
blablabla=42.12508 blablabla
