test=42.11909 test
yeah=42.11910 there will be 3000 of files
blablabla=42.11911 blablabla
