test=42.14486 test
yeah=42.14487 there will be 3000 of files
blablabla=42.14488 blablabla
