test=42.11987 test
yeah=42.11988 there will be 3000 of files
blablabla=42.11989 blablabla
