test=42.12854 test
yeah=42.12855 there will be 3000 of files
blablabla=42.12856 blablabla
