test=42.10826 test
yeah=42.10827 there will be 3000 of files
blablabla=42.10828 blablabla
