test=42.12350 test
yeah=42.12351 there will be 3000 of files
blablabla=42.12352 blablabla
