test=42.13922 test
yeah=42.13923 there will be 3000 of files
blablabla=42.13924 blablabla
