test=42.11165 test
yeah=42.11166 there will be 3000 of files
blablabla=42.11167 blablabla
