test=42.12224 test
yeah=42.12225 there will be 3000 of files
blablabla=42.12226 blablabla
