test=42.13334 test
yeah=42.13335 there will be 3000 of files
blablabla=42.13336 blablabla
