test=42.13532 test
yeah=42.13533 there will be 3000 of files
blablabla=42.13534 blablabla
