test=42.12764 test
yeah=42.12765 there will be 3000 of files
blablabla=42.12766 blablabla
