test=42.10289 test
yeah=42.10290 there will be 3000 of files
blablabla=42.10291 blablabla
