test=42.12299 test
yeah=42.12300 there will be 3000 of files
blablabla=42.12301 blablabla
