test=42.12422 test
yeah=42.12423 there will be 3000 of files
blablabla=42.12424 blablabla
