test=42.10718 test
yeah=42.10719 there will be 3000 of files
blablabla=42.10720 blablabla
