test=42.13304 test
yeah=42.13305 there will be 3000 of files
blablabla=42.13306 blablabla
