test=42.11150 test
yeah=42.11151 there will be 3000 of files
blablabla=42.11152 blablabla
