test=42.12209 test
yeah=42.12210 there will be 3000 of files
blablabla=42.12211 blablabla
