test=42.13967 test
yeah=42.13968 there will be 3000 of files
blablabla=42.13969 blablabla
