test=42.11558 test
yeah=42.11559 there will be 3000 of files
blablabla=42.11560 blablabla
