test=42.12614 test
yeah=42.12615 there will be 3000 of files
blablabla=42.12616 blablabla
