test=42.14438 test
yeah=42.14439 there will be 3000 of files
blablabla=42.14440 blablabla
