test=42.14030 test
yeah=42.14031 there will be 3000 of files
blablabla=42.14032 blablabla
