test=42.10766 test
yeah=42.10767 there will be 3000 of files
blablabla=42.10768 blablabla
