test=42.12029 test
yeah=42.12030 there will be 3000 of files
blablabla=42.12031 blablabla
