test=42.13124 test
yeah=42.13125 there will be 3000 of files
blablabla=42.13126 blablabla
