test=42.13298 test
yeah=42.13299 there will be 3000 of files
blablabla=42.13300 blablabla
