test=42.14561 test
yeah=42.14562 there will be 3000 of files
blablabla=42.14563 blablabla
