test=42.14642 test
yeah=42.14643 there will be 3000 of files
blablabla=42.14644 blablabla
