test=42.12737 test
yeah=42.12738 there will be 3000 of files
blablabla=42.12739 blablabla
