test=42.10493 test
yeah=42.10494 there will be 3000 of files
blablabla=42.10495 blablabla
