test=42.12779 test
yeah=42.12780 there will be 3000 of files
blablabla=42.12781 blablabla
