test=42.13664 test
yeah=42.13665 there will be 3000 of files
blablabla=42.13666 blablabla
