test=42.11534 test
yeah=42.11535 there will be 3000 of files
blablabla=42.11536 blablabla
