test=42.12290 test
yeah=42.12291 there will be 3000 of files
blablabla=42.12292 blablabla
