test=42.12473 test
yeah=42.12474 there will be 3000 of files
blablabla=42.12475 blablabla
