test=42.10664 test
yeah=42.10665 there will be 3000 of files
blablabla=42.10666 blablabla
