test=42.13931 test
yeah=42.13932 there will be 3000 of files
blablabla=42.13933 blablabla
