test=42.12920 test
yeah=42.12921 there will be 3000 of files
blablabla=42.12922 blablabla
