test=42.14528 test
yeah=42.14529 there will be 3000 of files
blablabla=42.14530 blablabla
