test=42.12110 test
yeah=42.12111 there will be 3000 of files
blablabla=42.12112 blablabla
