test=42.14372 test
yeah=42.14373 there will be 3000 of files
blablabla=42.14374 blablabla
