test=42.10130 test
yeah=42.10131 there will be 3000 of files
blablabla=42.10132 blablabla
