test=42.11399 test
yeah=42.11400 there will be 3000 of files
blablabla=42.11401 blablabla
