test=42.10115 test
yeah=42.10116 there will be 3000 of files
blablabla=42.10117 blablabla
