test=42.12131 test
yeah=42.12132 there will be 3000 of files
blablabla=42.12133 blablabla
