test=42.14651 test
yeah=42.14652 there will be 3000 of files
blablabla=42.14653 blablabla
