test=42.11162 test
yeah=42.11163 there will be 3000 of files
blablabla=42.11164 blablabla
