test=42.11984 test
yeah=42.11985 there will be 3000 of files
blablabla=42.11986 blablabla
