test=42.13028 test
yeah=42.13029 there will be 3000 of files
blablabla=42.13030 blablabla
