test=42.11444 test
yeah=42.11445 there will be 3000 of files
blablabla=42.11446 blablabla
