test=42.11339 test
yeah=42.11340 there will be 3000 of files
blablabla=42.11341 blablabla
