test=42.14615 test
yeah=42.14616 there will be 3000 of files
blablabla=42.14617 blablabla
