test=42.11699 test
yeah=42.11700 there will be 3000 of files
blablabla=42.11701 blablabla
