test=42.14357 test
yeah=42.14358 there will be 3000 of files
blablabla=42.14359 blablabla
