test=42.12467 test
yeah=42.12468 there will be 3000 of files
blablabla=42.12469 blablabla
