test=42.10904 test
yeah=42.10905 there will be 3000 of files
blablabla=42.10906 blablabla
