test=42.10319 test
yeah=42.10320 there will be 3000 of files
blablabla=42.10321 blablabla
