test=42.14093 test
yeah=42.14094 there will be 3000 of files
blablabla=42.14095 blablabla
