test=42.14648 test
yeah=42.14649 there will be 3000 of files
blablabla=42.14650 blablabla
