test=42.14240 test
yeah=42.14241 there will be 3000 of files
blablabla=42.14242 blablabla
