test=42.14024 test
yeah=42.14025 there will be 3000 of files
blablabla=42.14026 blablabla
