test=42.14150 test
yeah=42.14151 there will be 3000 of files
blablabla=42.14152 blablabla
