test=42.13574 test
yeah=42.13575 there will be 3000 of files
blablabla=42.13576 blablabla
