test=42.14246 test
yeah=42.14247 there will be 3000 of files
blablabla=42.14248 blablabla
