test=42.11066 test
yeah=42.11067 there will be 3000 of files
blablabla=42.11068 blablabla
