test=42.12233 test
yeah=42.12234 there will be 3000 of files
blablabla=42.12235 blablabla
