test=42.10334 test
yeah=42.10335 there will be 3000 of files
blablabla=42.10336 blablabla
