test=42.10199 test
yeah=42.10200 there will be 3000 of files
blablabla=42.10201 blablabla
