test=42.13910 test
yeah=42.13911 there will be 3000 of files
blablabla=42.13912 blablabla
