test=42.10175 test
yeah=42.10176 there will be 3000 of files
blablabla=42.10177 blablabla
