test=42.10142 test
yeah=42.10143 there will be 3000 of files
blablabla=42.10144 blablabla
