test=42.11789 test
yeah=42.11790 there will be 3000 of files
blablabla=42.11791 blablabla
