test=42.12695 test
yeah=42.12696 there will be 3000 of files
blablabla=42.12697 blablabla
