test=42.10352 test
yeah=42.10353 there will be 3000 of files
blablabla=42.10354 blablabla
