test=42.11504 test
yeah=42.11505 there will be 3000 of files
blablabla=42.11506 blablabla
