test=42.10658 test
yeah=42.10659 there will be 3000 of files
blablabla=42.10660 blablabla
