test=42.12902 test
yeah=42.12903 there will be 3000 of files
blablabla=42.12904 blablabla
