test=42.13418 test
yeah=42.13419 there will be 3000 of files
blablabla=42.13420 blablabla
