test=42.12968 test
yeah=42.12969 there will be 3000 of files
blablabla=42.12970 blablabla
