test=42.13232 test
yeah=42.13233 there will be 3000 of files
blablabla=42.13234 blablabla
