test=42.13526 test
yeah=42.13527 there will be 3000 of files
blablabla=42.13528 blablabla
