test=42.12692 test
yeah=42.12693 there will be 3000 of files
blablabla=42.12694 blablabla
