test=42.11681 test
yeah=42.11682 there will be 3000 of files
blablabla=42.11683 blablabla
