test=42.12215 test
yeah=42.12216 there will be 3000 of files
blablabla=42.12217 blablabla
