test=42.14270 test
yeah=42.14271 there will be 3000 of files
blablabla=42.14272 blablabla
