test=42.14096 test
yeah=42.14097 there will be 3000 of files
blablabla=42.14098 blablabla
