test=42.14045 test
yeah=42.14046 there will be 3000 of files
blablabla=42.14047 blablabla
