test=42.10775 test
yeah=42.10776 there will be 3000 of files
blablabla=42.10777 blablabla
