test=42.12083 test
yeah=42.12084 there will be 3000 of files
blablabla=42.12085 blablabla
