test=42.12347 test
yeah=42.12348 there will be 3000 of files
blablabla=42.12349 blablabla
