test=42.10133 test
yeah=42.10134 there will be 3000 of files
blablabla=42.10135 blablabla
