test=42.11156 test
yeah=42.11157 there will be 3000 of files
blablabla=42.11158 blablabla
