test=42.12998 test
yeah=42.12999 there will be 3000 of files
blablabla=42.13000 blablabla
