test=42.10940 test
yeah=42.10941 there will be 3000 of files
blablabla=42.10942 blablabla
