test=42.14309 test
yeah=42.14310 there will be 3000 of files
blablabla=42.14311 blablabla
