test=42.11378 test
yeah=42.11379 there will be 3000 of files
blablabla=42.11380 blablabla
