test=42.12950 test
yeah=42.12951 there will be 3000 of files
blablabla=42.12952 blablabla
