test=42.10628 test
yeah=42.10629 there will be 3000 of files
blablabla=42.10630 blablabla
