test=42.12707 test
yeah=42.12708 there will be 3000 of files
blablabla=42.12709 blablabla
