test=42.10040 test
yeah=42.10041 there will be 3000 of files
blablabla=42.10042 blablabla
