test=42.13721 test
yeah=42.13722 there will be 3000 of files
blablabla=42.13723 blablabla
