test=42.11006 test
yeah=42.11007 there will be 3000 of files
blablabla=42.11008 blablabla
