test=42.14600 test
yeah=42.14601 there will be 3000 of files
blablabla=42.14602 blablabla
