test=42.11501 test
yeah=42.11502 there will be 3000 of files
blablabla=42.11503 blablabla
