test=42.12137 test
yeah=42.12138 there will be 3000 of files
blablabla=42.12139 blablabla
