test=42.10553 test
yeah=42.10554 there will be 3000 of files
blablabla=42.10555 blablabla
