test=42.10181 test
yeah=42.10182 there will be 3000 of files
blablabla=42.10183 blablabla
