test=42.11780 test
yeah=42.11781 there will be 3000 of files
blablabla=42.11782 blablabla
