test=42.12653 test
yeah=42.12654 there will be 3000 of files
blablabla=42.12655 blablabla
