test=42.10652 test
yeah=42.10653 there will be 3000 of files
blablabla=42.10654 blablabla
