test=42.14120 test
yeah=42.14121 there will be 3000 of files
blablabla=42.14122 blablabla
