test=42.14483 test
yeah=42.14484 there will be 3000 of files
blablabla=42.14485 blablabla
