test=42.12206 test
yeah=42.12207 there will be 3000 of files
blablabla=42.12208 blablabla
