test=42.11939 test
yeah=42.11940 there will be 3000 of files
blablabla=42.11941 blablabla
