test=42.12323 test
yeah=42.12324 there will be 3000 of files
blablabla=42.12325 blablabla
