test=42.12512 test
yeah=42.12513 there will be 3000 of files
blablabla=42.12514 blablabla
