test=42.12242 test
yeah=42.12243 there will be 3000 of files
blablabla=42.12244 blablabla
