test=42.13178 test
yeah=42.13179 there will be 3000 of files
blablabla=42.13180 blablabla
