test=42.11042 test
yeah=42.11043 there will be 3000 of files
blablabla=42.11044 blablabla
