test=42.10796 test
yeah=42.10797 there will be 3000 of files
blablabla=42.10798 blablabla
