test=42.14363 test
yeah=42.14364 there will be 3000 of files
blablabla=42.14365 blablabla
