test=42.11891 test
yeah=42.11892 there will be 3000 of files
blablabla=42.11893 blablabla
