test=42.12071 test
yeah=42.12072 there will be 3000 of files
blablabla=42.12073 blablabla
