test=42.10406 test
yeah=42.10407 there will be 3000 of files
blablabla=42.10408 blablabla
