test=42.13694 test
yeah=42.13695 there will be 3000 of files
blablabla=42.13696 blablabla
