test=42.11894 test
yeah=42.11895 there will be 3000 of files
blablabla=42.11896 blablabla
