test=42.11903 test
yeah=42.11904 there will be 3000 of files
blablabla=42.11905 blablabla
