test=42.12857 test
yeah=42.12858 there will be 3000 of files
blablabla=42.12859 blablabla
