test=42.14408 test
yeah=42.14409 there will be 3000 of files
blablabla=42.14410 blablabla
