test=42.13052 test
yeah=42.13053 there will be 3000 of files
blablabla=42.13054 blablabla
