test=42.11981 test
yeah=42.11982 there will be 3000 of files
blablabla=42.11983 blablabla
