test=42.11918 test
yeah=42.11919 there will be 3000 of files
blablabla=42.11920 blablabla
