test=42.13511 test
yeah=42.13512 there will be 3000 of files
blablabla=42.13513 blablabla
