test=42.14471 test
yeah=42.14472 there will be 3000 of files
blablabla=42.14473 blablabla
