test=42.13121 test
yeah=42.13122 there will be 3000 of files
blablabla=42.13123 blablabla
