test=42.11312 test
yeah=42.11313 there will be 3000 of files
blablabla=42.11314 blablabla
