test=42.14255 test
yeah=42.14256 there will be 3000 of files
blablabla=42.14257 blablabla
