test=42.11141 test
yeah=42.11142 there will be 3000 of files
blablabla=42.11143 blablabla
