test=42.13556 test
yeah=42.13557 there will be 3000 of files
blablabla=42.13558 blablabla
