test=42.14192 test
yeah=42.14193 there will be 3000 of files
blablabla=42.14194 blablabla
