test=42.12689 test
yeah=42.12690 there will be 3000 of files
blablabla=42.12691 blablabla
