test=42.12632 test
yeah=42.12633 there will be 3000 of files
blablabla=42.12634 blablabla
