test=42.14039 test
yeah=42.14040 there will be 3000 of files
blablabla=42.14041 blablabla
