test=42.12470 test
yeah=42.12471 there will be 3000 of files
blablabla=42.12472 blablabla
