test=42.13736 test
yeah=42.13737 there will be 3000 of files
blablabla=42.13738 blablabla
