test=42.12395 test
yeah=42.12396 there will be 3000 of files
blablabla=42.12397 blablabla
