test=42.12128 test
yeah=42.12129 there will be 3000 of files
blablabla=42.12130 blablabla
