test=42.13325 test
yeah=42.13326 there will be 3000 of files
blablabla=42.13327 blablabla
