test=42.12335 test
yeah=42.12336 there will be 3000 of files
blablabla=42.12337 blablabla
