test=42.10214 test
yeah=42.10215 there will be 3000 of files
blablabla=42.10216 blablabla
