test=42.11915 test
yeah=42.11916 there will be 3000 of files
blablabla=42.11917 blablabla
