test=42.13169 test
yeah=42.13170 there will be 3000 of files
blablabla=42.13171 blablabla
