test=42.11723 test
yeah=42.11724 there will be 3000 of files
blablabla=42.11725 blablabla
