test=42.12818 test
yeah=42.12819 there will be 3000 of files
blablabla=42.12820 blablabla
