test=42.13865 test
yeah=42.13866 there will be 3000 of files
blablabla=42.13867 blablabla
