test=42.14132 test
yeah=42.14133 there will be 3000 of files
blablabla=42.14134 blablabla
