test=42.10331 test
yeah=42.10332 there will be 3000 of files
blablabla=42.10333 blablabla
