test=42.13301 test
yeah=42.13302 there will be 3000 of files
blablabla=42.13303 blablabla
