test=42.11435 test
yeah=42.11436 there will be 3000 of files
blablabla=42.11437 blablabla
