test=42.11993 test
yeah=42.11994 there will be 3000 of files
blablabla=42.11995 blablabla
