test=42.11636 test
yeah=42.11637 there will be 3000 of files
blablabla=42.11638 blablabla
