test=42.12194 test
yeah=42.12195 there will be 3000 of files
blablabla=42.12196 blablabla
