test=42.11036 test
yeah=42.11037 there will be 3000 of files
blablabla=42.11038 blablabla
