test=42.11753 test
yeah=42.11754 there will be 3000 of files
blablabla=42.11755 blablabla
