test=42.11843 test
yeah=42.11844 there will be 3000 of files
blablabla=42.11845 blablabla
