test=42.13007 test
yeah=42.13008 there will be 3000 of files
blablabla=42.13009 blablabla
