test=42.10589 test
yeah=42.10590 there will be 3000 of files
blablabla=42.10591 blablabla
