test=42.13781 test
yeah=42.13782 there will be 3000 of files
blablabla=42.13783 blablabla
