test=42.11807 test
yeah=42.11808 there will be 3000 of files
blablabla=42.11809 blablabla
