test=42.10532 test
yeah=42.10533 there will be 3000 of files
blablabla=42.10534 blablabla
