test=42.13610 test
yeah=42.13611 there will be 3000 of files
blablabla=42.13612 blablabla
