test=42.14141 test
yeah=42.14142 there will be 3000 of files
blablabla=42.14143 blablabla
