test=42.13031 test
yeah=42.13032 there will be 3000 of files
blablabla=42.13033 blablabla
