test=42.13814 test
yeah=42.13815 there will be 3000 of files
blablabla=42.13816 blablabla
