test=42.14375 test
yeah=42.14376 there will be 3000 of files
blablabla=42.14377 blablabla
