test=42.11867 test
yeah=42.11868 there will be 3000 of files
blablabla=42.11869 blablabla
