test=42.10715 test
yeah=42.10716 there will be 3000 of files
blablabla=42.10717 blablabla
