test=42.13382 test
yeah=42.13383 there will be 3000 of files
blablabla=42.13384 blablabla
