test=42.12797 test
yeah=42.12798 there will be 3000 of files
blablabla=42.12799 blablabla
