test=42.10511 test
yeah=42.10512 there will be 3000 of files
blablabla=42.10513 blablabla
