test=42.14621 test
yeah=42.14622 there will be 3000 of files
blablabla=42.14623 blablabla
