test=42.10295 test
yeah=42.10296 there will be 3000 of files
blablabla=42.10297 blablabla
