test=42.13472 test
yeah=42.13473 there will be 3000 of files
blablabla=42.13474 blablabla
