test=42.11717 test
yeah=42.11718 there will be 3000 of files
blablabla=42.11719 blablabla
