test=42.12986 test
yeah=42.12987 there will be 3000 of files
blablabla=42.12988 blablabla
