test=42.11402 test
yeah=42.11403 there will be 3000 of files
blablabla=42.11404 blablabla
