test=42.14390 test
yeah=42.14391 there will be 3000 of files
blablabla=42.14392 blablabla
