test=42.10487 test
yeah=42.10488 there will be 3000 of files
blablabla=42.10489 blablabla
