test=42.10178 test
yeah=42.10179 there will be 3000 of files
blablabla=42.10180 blablabla
