test=42.11795 test
yeah=42.11796 there will be 3000 of files
blablabla=42.11797 blablabla
