test=42.10160 test
yeah=42.10161 there will be 3000 of files
blablabla=42.10162 blablabla
