test=42.12488 test
yeah=42.12489 there will be 3000 of files
blablabla=42.12490 blablabla
