test=42.13454 test
yeah=42.13455 there will be 3000 of files
blablabla=42.13456 blablabla
