test=42.11117 test
yeah=42.11118 there will be 3000 of files
blablabla=42.11119 blablabla
