test=42.11705 test
yeah=42.11706 there will be 3000 of files
blablabla=42.11707 blablabla
