test=42.11885 test
yeah=42.11886 there will be 3000 of files
blablabla=42.11887 blablabla
