test=42.13916 test
yeah=42.13917 there will be 3000 of files
blablabla=42.13918 blablabla
