test=42.14630 test
yeah=42.14631 there will be 3000 of files
blablabla=42.14632 blablabla
