test=42.13637 test
yeah=42.13638 there will be 3000 of files
blablabla=42.13639 blablabla
