test=42.10211 test
yeah=42.10212 there will be 3000 of files
blablabla=42.10213 blablabla
