test=42.13175 test
yeah=42.13176 there will be 3000 of files
blablabla=42.13177 blablabla
