test=42.12956 test
yeah=42.12957 there will be 3000 of files
blablabla=42.12958 blablabla
