test=42.14306 test
yeah=42.14307 there will be 3000 of files
blablabla=42.14308 blablabla
