test=42.13643 test
yeah=42.13644 there will be 3000 of files
blablabla=42.13645 blablabla
