test=42.14573 test
yeah=42.14574 there will be 3000 of files
blablabla=42.14575 blablabla
