test=42.11660 test
yeah=42.11661 there will be 3000 of files
blablabla=42.11662 blablabla
