test=42.11672 test
yeah=42.11673 there will be 3000 of files
blablabla=42.11674 blablabla
