test=42.14558 test
yeah=42.14559 there will be 3000 of files
blablabla=42.14560 blablabla
