test=42.10403 test
yeah=42.10404 there will be 3000 of files
blablabla=42.10405 blablabla
