test=42.12254 test
yeah=42.12255 there will be 3000 of files
blablabla=42.12256 blablabla
