test=42.14384 test
yeah=42.14385 there will be 3000 of files
blablabla=42.14386 blablabla
