test=42.11840 test
yeah=42.11841 there will be 3000 of files
blablabla=42.11842 blablabla
