test=42.10283 test
yeah=42.10284 there will be 3000 of files
blablabla=42.10285 blablabla
