test=42.14267 test
yeah=42.14268 there will be 3000 of files
blablabla=42.14269 blablabla
