test=42.14663 test
yeah=42.14664 there will be 3000 of files
blablabla=42.14665 blablabla
