test=42.11126 test
yeah=42.11127 there will be 3000 of files
blablabla=42.11128 blablabla
