test=42.12461 test
yeah=42.12462 there will be 3000 of files
blablabla=42.12463 blablabla
