test=42.10394 test
yeah=42.10395 there will be 3000 of files
blablabla=42.10396 blablabla
