test=42.14417 test
yeah=42.14418 there will be 3000 of files
blablabla=42.14419 blablabla
