test=42.11024 test
yeah=42.11025 there will be 3000 of files
blablabla=42.11026 blablabla
