test=42.10268 test
yeah=42.10269 there will be 3000 of files
blablabla=42.10270 blablabla
