test=42.12860 test
yeah=42.12861 there will be 3000 of files
blablabla=42.12862 blablabla
