test=42.13601 test
yeah=42.13602 there will be 3000 of files
blablabla=42.13603 blablabla
