test=42.12617 test
yeah=42.12618 there will be 3000 of files
blablabla=42.12619 blablabla
