test=42.13223 test
yeah=42.13224 there will be 3000 of files
blablabla=42.13225 blablabla
