test=42.13373 test
yeah=42.13374 there will be 3000 of files
blablabla=42.13375 blablabla
