test=42.13754 test
yeah=42.13755 there will be 3000 of files
blablabla=42.13756 blablabla
