test=42.12983 test
yeah=42.12984 there will be 3000 of files
blablabla=42.12985 blablabla
