test=42.13235 test
yeah=42.13236 there will be 3000 of files
blablabla=42.13237 blablabla
