test=42.11960 test
yeah=42.11961 there will be 3000 of files
blablabla=42.11962 blablabla
