test=42.13343 test
yeah=42.13344 there will be 3000 of files
blablabla=42.13345 blablabla
