test=42.10901 test
yeah=42.10902 there will be 3000 of files
blablabla=42.10903 blablabla
