test=42.12752 test
yeah=42.12753 there will be 3000 of files
blablabla=42.12754 blablabla
