test=42.13208 test
yeah=42.13209 there will be 3000 of files
blablabla=42.13210 blablabla
