test=42.10415 test
yeah=42.10416 there will be 3000 of files
blablabla=42.10417 blablabla
