test=42.13133 test
yeah=42.13134 there will be 3000 of files
blablabla=42.13135 blablabla
